index	oiposi	oinega	pname	nname	crposi	crnega	mlposi	mlnega	mdposi	mdnega	mtposi	mtnega	mfposi	mfnega	clposi	clnega	ctposi	ctnega	cfposi	cfnega	fbkposi	fbknega	pright	nright
1	10	25	A1-B1	A1-B2	2.5641025641	2.1696252465	9.141	0.968	1.279	0.78	10.42	1.748	6	6	0.499	0.312	5.07	5.07	13	11	0	0	TRUE	FALSE
2	13	29	A1-B1	A1-B2	1.9723865878	1.3806706114	5.943	2.901	1.248	1.139	7.191	4.04	6	6	0.437	0.468	5.07	5.07	10	7	3	0	TRUE	FALSE
3	14	32	A1-B1	A1-B2	1.3806706114	1.9723865878	1.841	0.983	1.778	0.764	3.619	1.747	6	6	0.514	0.328	5.07	5.07	7	10	5	0	TRUE	FALSE
4	18	33	A1-B1	A1-B2	2.5641025641	1.5779092702	1.17	1.232	0.998	0.718	2.168	1.95	6	6	0.577	0.452	5.07	5.07	13	8	1	0	TRUE	FALSE
5	26	36	A1-B1	A1-B2	2.3668639053	1.3806706114	0.842	1.123	0.874	1.201	1.716	2.324	6	6	0.343	0.312	5.07	5.07	12	7	0	0	TRUE	FALSE
6	5	1	A2-B2	A2-B1	2.1696252465	1.5779092702	1.045	9.703	1.295	2.091	2.34	11.794	6	6	0.609	0.687	5.07	5.07	11	8	1	0	TRUE	FALSE
7	22	3	A2-B2	A2-B1	1.775147929	2.3668639053	1.279	6.849	0.889	1.263	2.168	8.112	6	6	0.39	0.546	5.07	5.07	9	12	2	0	TRUE	FALSE
8	23	8	A2-B2	A2-B1	1.9723865878	1.775147929	1.404	1.186	1.108	1.529	2.512	2.715	6	6	0.577	0.406	5.07	5.07	10	9	1	0	TRUE	FALSE
9	30	11	A2-B2	A2-B1	1.5779092702	1.3806706114	1.03	3.932	0.967	0.967	1.997	4.899	6	6	0.421	0.421	5.07	5.07	8	7	2	0	TRUE	FALSE
10	37	21	A2-B2	A2-B1	2.1696252465	1.1834319527	1.747	1.077	0.842	0.795	2.589	1.872	6	6	0.499	0.484	5.07	5.07	11	6	1	0	TRUE	FALSE
11	2	4	B1-A1	B1-A2	2.1696252465	2.7613412229	1.779	2.918	1.061	0.826	2.84	3.744	6	6	0.5	0.406	5.07	5.07	11	14	0	0	TRUE	FALSE
12	7	6	B1-A1	B1-A2	2.1696252465	2.1696252465	1.81	3.182	0.858	1.108	2.668	4.29	6	6	0.499	0.561	5.07	5.07	11	11	0	0	TRUE	FALSE
13	12	15	B1-A1	B1-A2	3.3530571992	1.3806706114	1.294	3.182	1.264	1.139	2.558	4.321	6	6	0.421	0.748	5.07	5.07	17	7	0	0	TRUE	FALSE
14	20	17	B1-A1	B1-A2	0	1.9723865878	2.043	8.237	1.248	0.998	3.291	9.235	6	6	NA	0.546	4.056	5.07	0	10	0	0	FALSE	FALSE
15	28	31	B1-A1	B1-A2	2.3668639053	1.775147929	1.419	1.185	1.56	2.309	2.979	3.494	6	6	0.374	0.64	5.07	5.07	12	9	0	0	TRUE	FALSE
16	9	24	B2-A2	B2-A1	1.5779092702	1.1691348402	0.874	2.589	1.233	1.576	2.107	4.165	6	6	0.5	1.263	5.07	5.132	8	6	0	0	TRUE	FALSE
17	16	27	B2-A2	B2-A1	2.7613412229	1.5779092702	2.106	1.513	1.466	1.935	3.572	3.448	6	6	0.484	0.421	5.07	5.07	14	8	1	0	TRUE	FALSE
18	19	35	B2-A2	B2-A1	1.9723865878	1.5779092702	2.153	0.967	1.856	1.139	4.009	2.106	6	6	0.421	0.484	5.07	5.07	10	8	1	0	TRUE	FALSE
19	34	38	B2-A2	B2-A1	1.1834319527	0	0.858	1.451	1.139	1.201	1.997	2.652	6	6	0.39	NA	5.07	4.056	6	0	3	0	TRUE	TRUE
20	40	39	B2-A2	B2-A1	1.9723865878	1.1834319527	0.796	1.388	1.076	0.827	1.872	2.215	6	6	0.312	0.718	5.07	5.07	10	6	5	0	TRUE	FALSE
21	2	4	A1-B1	A1-B2	1.1834319527	1.9723865878	1.685	1.497	0.904	0.812	2.589	2.309	6	6	0.811	0.593	5.07	5.07	6	10	0	0	TRUE	FALSE
22	15	9	A1-B1	A1-B2	1.1797090051	1.5779092702	2.184	1.685	1.045	1.061	3.229	2.746	6	6	0.64	0.592	5.086	5.07	6	8	0	0	TRUE	FALSE
23	18	12	A1-B1	A1-B2	0.4930966469	0.7889546351	1.701	1.201	1.107	1.201	2.808	2.402	6	6	0.951	0.577	4.056	5.07	2	4	0	0	FALSE	FALSE
24	32	28	A1-B1	A1-B2	0	0	1.263	3.167	1.919	1.03	3.182	4.197	6	6	NA	NA	4.056	4.056	0	0	1	1	FALSE	TRUE
25	33	31	A1-B1	A1-B2	2.1696252465	1.775147929	0.952	0.811	0.92	0.905	1.872	1.716	6	6	0.484	0.374	5.07	5.07	11	9	1	0	TRUE	FALSE
26	1	3	A2-B2	A2-B1	1.9723865878	0.5917159763	12.636	13.166	0.951	0.874	13.587	14.04	6	6	0.811	0.639	5.07	5.07	10	3	0	0	TRUE	FALSE
27	10	7	A2-B2	A2-B1	0.9861932939	0.7889546351	3.79	1.451	1.217	1.373	5.007	2.824	6	6	0.655	0.609	5.07	5.07	5	4	0	0	TRUE	FALSE
28	20	17	A2-B2	A2-B1	1.3806706114	1.775147929	1.185	1.903	1.701	1.232	2.886	3.135	6	6	0.483	0.359	5.07	5.07	7	9	0	0	TRUE	FALSE
29	23	19	A2-B2	A2-B1	0	0.4930966469	2.168	1.217	0.796	1.965	2.964	3.182	6	6	NA	0.624	4.056	4.056	0	2	1	0	FALSE	TRUE
30	29	39	A2-B2	A2-B1	1.3806706114	0.2465483235	1.217	0.967	0.78	0.843	1.997	1.81	6	6	0.422	0.39	5.07	4.056	7	1	6	0	TRUE	TRUE
31	14	11	B1-A1	B1-A2	0.4930966469	0.2465483235	1.311	4.15	0.889	2.277	2.2	6.427	6	6	1.061	0.687	4.056	4.056	2	1	0	0	FALSE	TRUE
32	22	16	B1-A1	B1-A2	1.5779092702	1.1834319527	1.092	6.224	1.435	1.56	2.527	7.784	6	6	0.577	0.889	5.07	5.07	8	6	0	0	TRUE	FALSE
33	27	24	B1-A1	B1-A2	0	1.3806706114	3.323	1.825	1.279	3.542	4.602	5.367	6	6	NA	0.64	4.056	5.07	0	7	0	0	FALSE	FALSE
34	30	25	B1-A1	B1-A2	0.2465483235	1.1834319527	1.342	1.373	1.217	1.872	2.559	3.245	6	6	0.874	0.562	4.056	5.07	1	6	0	0	FALSE	FALSE
35	38	36	B1-A1	B1-A2	2.1696252465	1.5779092702	1.794	1.279	1.388	1.326	3.182	2.605	6	6	0.421	0.749	5.07	5.07	11	8	0	0	TRUE	FALSE
36	6	5	B2-A2	B2-A1	1.775147929	0.4930966469	2.074	1.092	1.826	1.06	3.9	2.152	6	6	0.593	2.792	5.07	4.056	9	2	0	0	TRUE	TRUE
37	26	8	B2-A2	B2-A1	1.9723865878	0	1.092	1.544	1.092	1.623	2.184	3.167	6	6	0.405	NA	5.07	4.056	10	0	3	0	TRUE	TRUE
38	34	13	B2-A2	B2-A1	1.9723865878	0	1.357	7.69	1.186	1.404	2.543	9.094	6	6	0.655	NA	5.07	4.056	10	0	0	0	TRUE	TRUE
39	35	21	B2-A2	B2-A1	1.9723865878	0	9.407	0.671	0.702	1.279	10.109	1.95	6	6	0.562	NA	5.07	4.056	10	0	1	0	TRUE	TRUE
40	40	37	B2-A2	B2-A1	1.775147929	0.5917159763	1.138	0.765	1.592	1.294	2.73	2.059	6	6	0.437	0.921	5.07	5.07	9	3	1	0	TRUE	FALSE
41	9	19	A1-B1	A1-B2	1.5779092702	1.5779092702	5.179	1.919	1.841	0.811	7.02	2.73	6	6	0.733	0.717	5.07	5.07	8	8	6	1	TRUE	FALSE
42	12	26	A1-B1	A1-B2	1.3806706114	2.3668639053	1.326	1.888	1.108	1.17	2.434	3.058	6	6	0.764	0.592	5.07	5.07	7	12	0	0	TRUE	FALSE
43	21	30	A1-B1	A1-B2	1.7221584386	1.3806706114	1.107	1.233	1.092	1.17	2.199	2.403	6	6	0.468	0.436	5.226	5.07	9	7	2	0	TRUE	FALSE
44	24	32	A1-B1	A1-B2	0	0.2465483235	4.883	1.622	1.139	1.919	6.022	3.541	6	6	NA	0.436	4.056	4.056	0	1	0	0	FALSE	TRUE
45	38	39	A1-B1	A1-B2	1.5779092702	0.9861932939	1.232	1.42	1.373	1.248	2.605	2.668	6	6	0.92	0.624	5.07	5.07	8	5	0	0	TRUE	FALSE
46	2	3	A2-B2	A2-B1	1.3806706114	0.5917159763	10.234	0.967	0.842	1.014	11.076	1.981	6	6	0.78	0.53	5.07	5.07	7	3	0	0	TRUE	FALSE
47	4	11	A2-B2	A2-B1	1.9723865878	0	1.451	1.763	1.482	1.575	2.933	3.338	6	6	0.671	NA	5.07	4.056	10	0	0	0	TRUE	TRUE
48	6	16	A2-B2	A2-B1	1.9723865878	0.7889546351	2.511	0.998	1.467	1.217	3.978	2.215	6	6	1.155	0.702	5.07	5.07	10	4	0	0	TRUE	FALSE
49	17	18	A2-B2	A2-B1	0.9861932939	1.5779092702	1.201	5.85	1.202	1.357	2.403	7.207	6	6	0.5	0.499	5.07	5.07	5	8	4	0	TRUE	FALSE
50	23	28	A2-B2	A2-B1	1.9723865878	0.9861932939	1.233	2.387	1.31	1.217	2.543	3.604	6	6	0.343	0.624	5.07	5.07	10	5	1	0	TRUE	FALSE
51	7	8	B1-A1	B1-A2	1.5779092702	1.3806706114	7.426	4.056	1.123	0.858	8.549	4.914	6	6	0.577	0.655	5.07	5.07	8	7	0	0	TRUE	FALSE
52	15	13	B1-A1	B1-A2	0.4930966469	1.3806706114	1.467	1.263	1.123	1.56	2.59	2.823	6	6	0.39	0.608	4.056	5.07	2	7	0	0	FALSE	FALSE
53	31	29	B1-A1	B1-A2	2.7613412229	1.9723865878	1.061	0.998	1.123	1.436	2.184	2.434	6	6	0.296	0.312	5.07	5.07	14	10	0	0	TRUE	FALSE
54	36	33	B1-A1	B1-A2	0.2465483235	1.3806706114	1.653	1.404	1.139	1.653	2.792	3.057	6	6	0.343	0.702	4.056	5.07	1	7	0	0	FALSE	FALSE
55	40	34	B1-A1	B1-A2	1.775147929	1.775147929	6.021	0.655	1.092	1.217	7.113	1.872	6	6	0.327	0.578	5.07	5.07	9	9	0	0	TRUE	FALSE
56	1	14	B2-A2	B2-A1	1.775147929	0.9861932939	6.053	0.951	1.123	1.108	7.176	2.059	6	6	0.437	0.374	5.07	5.07	9	5	0	0	TRUE	FALSE
57	5	20	B2-A2	B2-A1	1.7747978702	1.3679890561	1.669	1.373	1.545	1.17	3.214	2.543	6	6	0.437	1.606	5.071	5.117	9	7	0	0	TRUE	FALSE
58	10	22	B2-A2	B2-A1	1.5779092702	0	1.42	1.622	1.092	1.389	2.512	3.011	6	6	0.609	NA	5.07	4.056	8	0	0	0	TRUE	TRUE
59	27	25	B2-A2	B2-A1	1.775147929	0	1.856	0.983	0.749	0.983	2.605	1.966	6	6	0.281	NA	5.07	4.056	9	0	0	1	TRUE	TRUE
60	35	37	B2-A2	B2-A1	1.5779092702	1.1834319527	0.67	1.717	1.467	1.31	2.137	3.027	6	6	0.28	0.764	5.07	5.07	8	6	2	0	TRUE	FALSE
61	1	19	A1-B1	A1-B2	1.1834319527	0.7889546351	4.648	1.279	1.077	1.342	5.725	2.621	6	6	0.452	0.639	5.07	5.07	6	4	3	0	TRUE	FALSE
62	11	20	A1-B1	A1-B2	1.9723865878	1.9723865878	1.544	1.248	1.623	0.998	3.167	2.246	6	6	0.546	0.406	5.07	5.07	10	10	0	0	TRUE	FALSE
63	24	22	A1-B1	A1-B2	0.4930966469	1.3806706114	1.139	0.967	1.653	0.999	2.792	1.966	6	6	0.531	0.53	4.056	5.07	2	7	0	0	FALSE	FALSE
64	27	30	A1-B1	A1-B2	1.3806706114	1.1831985802	4.618	1.84	1.404	1.904	6.022	3.744	6	6	0.531	0.515	5.07	5.071	7	6	0	0	TRUE	FALSE
65	35	33	A1-B1	A1-B2	1.1834319527	1.5779092702	1.294	1.233	1.358	0.873	2.652	2.106	6	6	0.5	0.53	5.07	5.07	6	8	1	1	TRUE	FALSE
66	8	3	A2-B2	A2-B1	1.9723865878	1.775147929	1.56	1.248	2.184	0.983	3.744	2.231	6	6	0.483	0.343	5.07	5.07	10	9	0	1	TRUE	FALSE
67	16	6	A2-B2	A2-B1	0	0	1.841	1.56	0.905	0.858	2.746	2.418	6	6	NA	NA	4.056	4.056	0	0	0	0	FALSE	TRUE
68	18	10	A2-B2	A2-B1	1.775147929	0	1.201	0.983	1.435	1.061	2.636	2.044	6	6	0.483	NA	5.07	4.056	9	0	0	0	TRUE	TRUE
69	31	25	A2-B2	A2-B1	2.2962112514	1.9723865878	1.232	1.233	1.233	1.451	2.465	2.684	6	6	0.452	0.406	5.226	5.07	12	10	0	0	TRUE	FALSE
70	38	34	A2-B2	A2-B1	1.5779092702	2.1696252465	1.326	2.387	1.263	1.607	2.589	3.994	6	6	0.453	0.343	5.07	5.07	8	11	1	1	TRUE	FALSE
71	12	2	B1-A1	B1-A2	1.775147929	0.7889546351	1.826	3.713	0.78	1.684	2.606	5.397	6	6	0.64	0.499	5.07	5.07	9	4	0	0	TRUE	FALSE
72	13	7	B1-A1	B1-A2	0	1.3806706114	2.246	0.577	0.936	1.108	3.182	1.685	6	6	NA	0.39	4.056	5.07	0	7	0	0	FALSE	FALSE
73	23	9	B1-A1	B1-A2	1.775147929	1.3806706114	1.061	1.622	0.811	1.56	1.872	3.182	6	6	0.437	0.671	5.07	5.07	9	7	0	0	TRUE	FALSE
74	29	36	B1-A1	B1-A2	1.5779092702	0.9861932939	1.154	1.389	1.669	1.404	2.823	2.793	6	6	0.452	0.422	5.07	5.07	8	5	0	0	TRUE	FALSE
75	39	40	B1-A1	B1-A2	1.7428350116	0.7889546351	1.357	1.233	1.076	1.014	2.433	2.247	6	6	0.484	0.39	5.164	5.07	9	4	0	0	TRUE	FALSE
76	5	4	B2-A2	B2-A1	1.9723865878	1.7747978702	1.544	2.293	1.17	0.905	2.714	3.198	6	6	0.312	0.422	5.07	5.071	10	9	0	0	TRUE	FALSE
77	15	14	B2-A2	B2-A1	1.5779092702	1.1834319527	1.154	1.841	1.076	1.248	2.23	3.089	6	6	0.468	0.468	5.07	5.07	8	6	0	0	TRUE	FALSE
78	21	17	B2-A2	B2-A1	1.9723865878	1.1834319527	1.607	1.201	1.606	1.232	3.213	2.433	6	6	0.468	0.452	5.07	5.07	10	6	0	0	TRUE	FALSE
79	26	32	B2-A2	B2-A1	2.3099133782	0	1.326	8.955	1.466	1.294	2.792	10.249	6	6	0.53	NA	5.195	4.056	12	0	0	0	TRUE	TRUE
80	28	37	B2-A2	B2-A1	0.2465483235	2.1696252465	8.346	0.812	1.217	1.248	9.563	2.06	6	6	0.53	0.39	4.056	5.07	1	11	0	0	FALSE	FALSE
81	7	6	A1-B1	A1-B2	1.9719976336	2.9585798817	1.342	1.467	1.108	1.326	2.45	2.793	6	6	0.453	0.656	5.071	5.07	10	15	0	0	TRUE	FALSE
82	11	9	A1-B1	A1-B2	1.3806706114	1.5779092702	1.451	1.155	1.123	1.31	2.574	2.465	6	6	0.53	0.499	5.07	5.07	7	8	1	0	TRUE	FALSE
83	14	13	A1-B1	A1-B2	2.3668639053	1.1834319527	4.696	3.994	1.108	2.012	5.804	6.006	6	6	0.375	0.64	5.07	5.07	12	6	0	0	TRUE	FALSE
84	20	16	A1-B1	A1-B2	1.775147929	1.3806706114	2.216	12.308	0.982	1.311	3.198	13.619	6	6	0.421	0.483	5.07	5.07	9	7	0	0	TRUE	FALSE
85	40	31	A1-B1	A1-B2	1.775147929	0.5917159763	1.467	1.934	1.7	0.905	3.167	2.839	6	6	0.39	0.593	5.07	5.07	9	3	0	0	TRUE	FALSE
86	12	4	A2-B2	A2-B1	2.1696252465	1.3315579228	1.248	7.581	1.248	1.17	2.496	8.751	6	6	0.468	0.546	5.07	5.257	11	7	0	0	TRUE	FALSE
87	17	5	A2-B2	A2-B1	1.775147929	1.1834319527	2.231	1.076	1.856	1.576	4.087	2.652	6	6	0.343	0.452	5.07	5.07	9	6	0	0	TRUE	FALSE
88	27	28	A2-B2	A2-B1	1.775147929	1.1834319527	1.607	1.513	0.967	1.217	2.574	2.73	6	6	0.561	0.452	5.07	5.07	9	6	0	0	TRUE	FALSE
89	34	38	A2-B2	A2-B1	2.1696252465	1.1834319527	1.185	1.919	0.89	2.246	2.075	4.165	6	6	0.437	0.78	5.07	5.07	11	6	0	0	TRUE	FALSE
90	35	39	A2-B2	A2-B1	1.5775981069	1.3806706114	2.496	1.357	1.077	1.997	3.573	3.354	6	6	0.5	0.328	5.071	5.07	8	7	0	0	TRUE	FALSE
91	3	1	B1-A1	B1-A2	1.7274472169	2.3170496235	4.805	7.8	1.092	1.919	5.897	9.719	6	6	0.905	0.406	5.21	5.179	9	12	0	1	TRUE	FALSE
92	21	8	B1-A1	B1-A2	1.5779092702	0	1.06	4.118	1.108	1.201	2.168	5.319	6	6	0.873	NA	5.07	4.056	8	0	1	0	TRUE	TRUE
93	26	10	B1-A1	B1-A2	1.5779092702	1.775147929	1.092	1.42	1.591	1.263	2.683	2.683	6	6	0.468	0.562	5.07	5.07	8	9	0	0	TRUE	FALSE
94	32	24	B1-A1	B1-A2	1.3806706114	0.4930966469	1.17	0.999	2.449	2.137	3.619	3.136	6	6	0.468	0.483	5.07	4.056	7	2	0	0	TRUE	TRUE
95	37	25	B1-A1	B1-A2	1.775147929	1.3806706114	1.17	1.201	1.419	1.669	2.589	2.87	6	6	0.437	0.358	5.07	5.07	9	7	0	1	TRUE	FALSE
96	2	18	B2-A2	B2-A1	2.3668639053	0.7889546351	0.936	1.747	1.763	1.342	2.699	3.089	6	6	0.39	0.671	5.07	5.07	12	4	0	0	TRUE	FALSE
97	15	19	B2-A2	B2-A1	2.1696252465	1.3806706114	2.403	1.326	0.904	1.279	3.307	2.605	6	6	0.796	0.359	5.07	5.07	11	7	0	0	TRUE	FALSE
98	22	30	B2-A2	B2-A1	2.1696252465	1.3806706114	1.716	1.108	1.654	2.09	3.37	3.198	6	6	0.656	0.499	5.07	5.07	11	7	0	0	TRUE	FALSE
99	23	33	B2-A2	B2-A1	0.4930966469	1.3806706114	1.232	1.248	0.905	2.387	2.137	3.635	6	6	0.671	0.577	4.056	5.07	2	7	0	0	FALSE	FALSE
100	29	36	B2-A2	B2-A1	1.775147929	0	1.404	1.809	2.776	1.311	4.18	3.12	6	6	0.375	NA	5.07	4.056	9	0	0	0	TRUE	TRUE
101	6	12	A1-B1	A1-B2	2.1696252465	0.7889546351	1.326	3.994	2.293	1.56	3.619	5.554	6	6	0.53	0.624	5.07	5.07	11	4	0	0	TRUE	FALSE
102	8	15	A1-B1	A1-B2	1.3806706114	1.3806706114	1.404	4.118	1.67	1.436	3.074	5.554	6	6	0.39	0.562	5.07	5.07	7	7	0	0	TRUE	FALSE
103	16	17	A1-B1	A1-B2	1.9723865878	0.4930966469	0.842	2.06	1.124	1.84	1.966	3.9	6	6	0.422	0.514	5.07	4.056	10	2	1	0	TRUE	TRUE
104	32	20	A1-B1	A1-B2	1.7482517483	2.1696252465	1.825	1.123	1.124	1.404	2.949	2.527	6	6	0.562	0.343	5.148	5.07	9	11	0	0	TRUE	FALSE
105	38	39	A1-B1	A1-B2	1.5779092702	0.9861932939	1.623	5.616	0.842	1.95	2.465	7.566	6	6	0.64	0.39	5.07	5.07	8	5	0	0	TRUE	FALSE
106	1	4	A2-B2	A2-B1	1.1834319527	1.1834319527	9.251	2.34	0.967	1.17	10.218	3.51	6	6	0.827	0.577	5.07	5.07	6	6	0	0	TRUE	FALSE
107	11	5	A2-B2	A2-B1	2.3668639053	1.775147929	1.139	2.606	1.997	1.092	3.136	3.698	6	6	0.359	0.422	5.07	5.07	12	9	0	0	TRUE	FALSE
108	14	7	A2-B2	A2-B1	2.1696252465	0.5917159763	1.217	4.992	1.372	2.106	2.589	7.098	6	6	0.421	0.577	5.07	5.07	11	3	0	0	TRUE	FALSE
109	21	13	A2-B2	A2-B1	1.9723865878	1.775147929	0.936	2.262	1.825	0.968	2.761	3.23	6	6	0.327	0.281	5.07	5.07	10	9	0	0	TRUE	FALSE
110	25	30	A2-B2	A2-B1	1.7747978702	0	1.108	2.777	1.17	0.904	2.278	3.681	6	6	0.422	NA	5.071	4.056	9	0	0	0	TRUE	TRUE
111	27	3	B1-A1	B1-A2	2.3668639053	0.2465483235	0.858	0.92	1.763	0.905	2.621	1.825	6	6	0.359	0.406	5.07	4.056	12	1	0	0	TRUE	TRUE
112	31	9	B1-A1	B1-A2	1.5779092702	1.1834319527	3.401	5.538	1.029	1.248	4.43	6.786	6	6	0.39	0.484	5.07	5.07	8	6	0	0	TRUE	FALSE
113	34	10	B1-A1	B1-A2	1.7643599294	1.9723865878	1.482	1.342	1.31	1.513	2.792	2.855	6	6	0.577	0.421	5.101	5.07	9	10	0	0	TRUE	FALSE
114	36	22	B1-A1	B1-A2	2.9585798817	1.3806706114	0.999	0.936	1.139	1.389	2.138	2.325	6	6	0.39	0.39	5.07	5.07	15	7	0	0	TRUE	FALSE
115	37	40	B1-A1	B1-A2	1.775147929	1.7747978702	7.8	0.858	0.843	0.89	8.643	1.748	6	6	0.5	0.266	5.07	5.071	9	9	1	0	TRUE	FALSE
116	2	19	B2-A2	B2-A1	1.5779092702	0.2465483235	1.841	1.544	1.248	1.17	3.089	2.714	6	6	0.624	0.671	5.07	4.056	8	1	0	0	TRUE	TRUE
117	18	24	B2-A2	B2-A1	1.775147929	0.2465483235	1.139	3.775	0.952	1.092	2.091	4.867	6	6	0.437	0.593	5.07	4.056	9	1	3	0	TRUE	TRUE
118	23	26	B2-A2	B2-A1	2.1696252465	0	1.389	1.155	1.794	1.716	3.183	2.871	6	6	0.421	NA	5.07	4.056	11	0	1	0	TRUE	TRUE
119	29	28	B2-A2	B2-A1	2.1696252465	0.4930966469	1.076	3.073	0.843	0.936	1.919	4.009	6	6	0.405	0.421	5.07	4.056	11	2	2	0	TRUE	TRUE
120	33	35	B2-A2	B2-A1	1.9723865878	1.1834319527	2.153	6.365	1.029	1.232	3.182	7.597	6	6	0.546	0.421	5.07	5.07	10	6	0	0	TRUE	FALSE
121	11	1	A1-B1	A1-B2	2.5641025641	2.3668639053	1.326	7.987	1.186	1.248	2.512	9.235	6	6	0.468	0.39	5.07	5.07	13	12	0	1	TRUE	FALSE
122	12	2	A1-B1	A1-B2	1.7537022603	1.1834319527	3.042	1.872	1.638	1.326	4.68	3.198	6	6	0.639	0.405	5.132	5.07	9	6	0	0	TRUE	FALSE
123	24	4	A1-B1	A1-B2	2.2962112514	0.7889546351	2.808	2.075	1.357	1.076	4.165	3.151	6	6	0.561	0.593	5.226	5.07	12	4	0	0	TRUE	FALSE
124	26	25	A1-B1	A1-B2	1.9723865878	0.9861932939	3.775	5.117	1.233	1.06	5.008	6.177	6	6	0.297	0.702	5.07	5.07	10	5	0	0	TRUE	FALSE
125	39	38	A1-B1	A1-B2	2.3668639053	1.1834319527	1.576	1.81	1.326	1.7	2.902	3.51	6	6	0.421	0.624	5.07	5.07	12	6	1	0	TRUE	FALSE
126	8	9	A2-B2	A2-B1	1.1834319527	0.9861932939	2.028	2.324	1.077	1.373	3.105	3.697	6	6	0.515	0.499	5.07	5.07	6	5	4	0	TRUE	FALSE
127	15	19	A2-B2	A2-B1	1.775147929	0.9861932939	1.217	1.279	1.092	3.089	2.309	4.368	6	6	0.343	0.499	5.07	5.07	9	5	0	0	TRUE	FALSE
128	17	28	A2-B2	A2-B1	1.9723865878	1.5779092702	1.794	2.169	1.17	0.967	2.964	3.136	6	6	0.578	0.468	5.07	5.07	10	8	1	0	TRUE	FALSE
129	20	30	A2-B2	A2-B1	2.1696252465	0.5917159763	2.683	1.794	1.03	0.998	3.713	2.792	6	6	0.344	0.39	5.07	5.07	11	3	0	0	TRUE	FALSE
130	36	37	A2-B2	A2-B1	1.5779092702	0.7889546351	1.201	1.108	1.139	1.201	2.34	2.309	6	6	0.312	0.468	5.07	5.07	8	4	6	0	TRUE	FALSE
131	3	5	B1-A1	B1-A2	1.775147929	1.9723865878	1.84	1.357	1.467	1.794	3.307	3.151	6	6	0.452	0.515	5.07	5.07	9	10	0	0	TRUE	FALSE
132	13	18	B1-A1	B1-A2	1.9723865878	0.9861932939	6.162	7.488	2.34	1.076	8.502	8.564	6	6	0.561	0.421	5.07	5.07	10	5	0	0	TRUE	FALSE
133	16	27	B1-A1	B1-A2	1.5779092702	0.7889546351	1.653	1.357	1.669	1.186	3.322	2.543	6	6	0.453	0.53	5.07	5.07	8	4	0	0	TRUE	FALSE
134	29	33	B1-A1	B1-A2	2.3668639053	0.9861932939	1.232	1.747	1.747	1.233	2.979	2.98	6	6	0.327	0.39	5.07	5.07	12	5	0	1	TRUE	FALSE
135	31	35	B1-A1	B1-A2	1.3806706114	0.5917159763	2.356	1.076	1.045	1.092	3.401	2.168	6	6	0.421	0.468	5.07	5.07	7	3	0	0	TRUE	FALSE
136	7	6	B2-A2	B2-A1	2.1696252465	1.775147929	1.904	1.731	1.17	0.905	3.074	2.636	6	6	0.344	0.359	5.07	5.07	11	9	0	1	TRUE	FALSE
137	10	14	B2-A2	B2-A1	1.9723865878	0.4930966469	2.543	4.15	1.685	1.154	4.228	5.304	6	6	0.312	1.217	5.07	4.056	10	2	0	0	TRUE	TRUE
138	22	21	B2-A2	B2-A1	2.3668639053	0.7889546351	1.856	2.09	1.279	1.123	3.135	3.213	6	6	0.343	0.515	5.07	5.07	12	4	0	0	TRUE	FALSE
139	23	32	B2-A2	B2-A1	2.1696252465	1.3806706114	2.215	0.796	1.123	1.076	3.338	1.872	6	6	0.609	0.452	5.07	5.07	11	7	0	0	TRUE	FALSE
140	40	34	B2-A2	B2-A1	2.1696252465	1.3806706114	1.42	0.749	1.232	1.279	2.652	2.028	6	6	0.608	0.296	5.07	5.07	11	7	4	0	TRUE	FALSE
141	6	12	A1-B1	A1-B2	2.3668639053	0	1.638	5.491	1.779	0.905	3.417	6.396	6	6	0.39	NA	5.07	4.056	12	0	0	0	TRUE	TRUE
142	8	15	A1-B1	A1-B2	1.775147929	1.3806706114	1.528	2.59	1.077	2.199	2.605	4.789	6	6	0.514	0.421	5.07	5.07	9	7	4	1	TRUE	FALSE
143	16	17	A1-B1	A1-B2	1.9723865878	0.7889546351	2.496	2.621	1.591	1.201	4.087	3.822	6	6	0.405	0.608	5.07	5.07	10	4	0	0	TRUE	FALSE
144	32	20	A1-B1	A1-B2	1.3806706114	0.4929751048	1.732	1.201	1.466	1.732	3.198	2.933	6	6	0.624	0.546	5.07	4.057	7	2	1	0	TRUE	TRUE
145	38	39	A1-B1	A1-B2	1.3806706114	0	3.744	7.971	1.124	1.326	4.868	9.297	6	6	0.796	NA	5.07	4.056	7	0	0	0	TRUE	TRUE
146	1	4	A2-B2	A2-B1	1.3806706114	1.3806706114	8.97	1.155	0.702	1.17	9.672	2.325	6	6	0.593	0.687	5.07	5.07	7	7	1	0	TRUE	FALSE
147	11	5	A2-B2	A2-B1	2.5641025641	2.1696252465	1.263	3.728	1.014	1.732	2.277	5.46	6	6	0.452	0.452	5.07	5.07	13	11	0	0	TRUE	FALSE
148	14	7	A2-B2	A2-B1	2.3668639053	1.3763271726	2.246	1.31	1.311	1.888	3.557	3.198	6	6	0.453	0.561	5.07	5.086	12	7	0	4	TRUE	FALSE
149	21	13	A2-B2	A2-B1	2.1696252465	1.3806706114	1.388	1.935	1.232	2.106	2.62	4.041	6	6	0.343	0.531	5.07	5.07	11	7	0	0	TRUE	FALSE
150	25	30	A2-B2	A2-B1	2.5641025641	0.9861932939	1.202	4.883	1.138	1.186	2.34	6.069	6	6	0.499	0.546	5.07	5.07	13	5	1	0	TRUE	FALSE
151	27	3	B1-A1	B1-A2	1.775147929	0	3.479	7.535	1.248	1.825	4.727	9.36	6	6	0.78	NA	5.07	4.056	9	0	0	0	TRUE	TRUE
152	31	9	B1-A1	B1-A2	2.1696252465	0	1.045	3.588	0.858	0.967	1.903	4.555	6	6	0.343	NA	5.07	4.056	11	0	1	0	TRUE	TRUE
153	34	10	B1-A1	B1-A2	1.5779092702	1.3806706114	15.444	1.217	1.138	0.999	16.582	2.216	6	6	0.436	0.578	5.07	5.07	8	7	0	0	TRUE	FALSE
154	36	22	B1-A1	B1-A2	2.1696252465	0	0.983	10.405	0.998	1.077	1.981	11.482	6	6	0.577	NA	5.07	4.056	11	0	0	0	TRUE	TRUE
155	37	40	B1-A1	B1-A2	1.9723865878	0.9859988168	3.167	2.387	1.092	0.718	4.259	3.105	6	6	0.561	0.609	5.07	5.071	10	5	0	1	TRUE	FALSE
156	2	19	B2-A2	B2-A1	1.1834319527	0.2465483235	41.402	3.26	0.983	0.952	42.385	4.212	6	6	0.437	0.655	5.07	4.056	6	1	0	0	TRUE	TRUE
157	18	24	B2-A2	B2-A1	2.3668639053	0	1.201	2.87	1.217	1.123	2.418	3.993	6	6	0.343	NA	5.07	4.056	12	0	0	0	TRUE	TRUE
158	23	26	B2-A2	B2-A1	2.5480203842	0	0.827	3.635	2.34	0.795	3.167	4.43	6	6	0.453	NA	5.102	4.056	13	0	0	0	TRUE	TRUE
159	29	28	B2-A2	B2-A1	2.1696252465	0	1.014	4.508	1.045	1.358	2.059	5.866	6	6	0.624	NA	5.07	4.056	11	0	0	0	TRUE	TRUE
160	33	35	B2-A2	B2-A1	2.861503243	0.2465483235	2.433	4.461	1.17	1.046	3.603	5.507	6	6	0.577	0.437	5.242	4.056	15	1	0	0	TRUE	TRUE
161	8	1	A1-B1	A1-B2	2.9222676797	0.4930966469	1.108	4.851	1.17	0.827	2.278	5.678	6	6	0.328	0.546	5.133	4.056	15	2	0	0	TRUE	TRUE
162	16	5	A1-B1	A1-B2	2.5641025641	0.4930966469	1.263	7.504	0.89	1.466	2.153	8.97	6	6	0.359	0.686	5.07	4.056	13	2	0	0	TRUE	TRUE
163	30	13	A1-B1	A1-B2	2.7613412229	0	0.967	3.073	0.765	0.999	1.732	4.072	6	6	0.453	NA	5.07	4.056	14	0	0	0	TRUE	TRUE
164	37	24	A1-B1	A1-B2	1.3806706114	0.9861932939	2.792	4.415	1.092	1.342	3.884	5.757	6	6	0.468	0.561	5.07	5.07	7	5	1	0	TRUE	FALSE
165	38	26	A1-B1	A1-B2	2.7613412229	0	1.202	2.137	1.092	1.311	2.294	3.448	6	6	0.359	NA	5.07	4.056	14	0	0	0	TRUE	TRUE
166	17	3	A2-B2	A2-B1	2.5641025641	1.775147929	1.622	1.264	1.67	1.528	3.292	2.792	6	6	0.64	0.468	5.07	5.07	13	9	0	0	TRUE	FALSE
167	20	7	A2-B2	A2-B1	2.5641025641	2.1696252465	2.075	1.295	1.326	1.607	3.401	2.902	6	6	0.436	0.374	5.07	5.07	13	11	0	1	TRUE	FALSE
168	23	9	A2-B2	A2-B1	2.1696252465	0	2.933	2.933	0.842	0.998	3.775	3.931	6	6	0.577	NA	5.07	4.056	11	0	0	0	TRUE	TRUE
169	34	11	A2-B2	A2-B1	2.1696252465	1.1834319527	1.154	8.564	1.966	1.966	3.12	10.53	6	6	0.656	0.452	5.07	5.07	11	6	0	1	TRUE	FALSE
170	40	15	A2-B2	A2-B1	2.9222676797	1.3806706114	1.326	2.2	0.748	1.341	2.074	3.541	6	6	0.375	0.671	5.133	5.07	15	7	1	0	TRUE	FALSE
171	4	28	B1-A1	B1-A2	2.7613412229	0	1.779	1.186	1.451	1.232	3.23	2.418	6	6	0.375	NA	5.07	4.056	14	0	1	0	TRUE	TRUE
172	18	29	B1-A1	B1-A2	2.1696252465	0.4930966469	12.636	0.983	1.529	1.139	14.165	2.122	6	6	1.232	0.546	5.07	4.056	11	2	0	0	TRUE	TRUE
173	21	31	B1-A1	B1-A2	1.775147929	0	2.012	8.861	1.295	1.045	3.307	9.906	6	6	0.92	NA	5.07	4.056	9	0	0	1	TRUE	TRUE
174	22	32	B1-A1	B1-A2	1.9723865878	0	4.29	1.56	0.827	1.794	5.117	3.354	6	6	0.499	NA	5.07	4.056	10	0	0	0	TRUE	TRUE
175	25	36	B1-A1	B1-A2	2.5641025641	0.7889546351	1.388	1.045	1.498	1.232	2.886	2.277	6	6	0.483	0.437	5.07	5.07	13	4	0	0	TRUE	FALSE
176	10	2	B2-A2	B2-A1	2.7613412229	1.1834319527	1.45	1.919	1.217	3.042	2.667	4.961	6	6	0.546	0.561	5.07	5.07	14	6	1	0	TRUE	FALSE
177	12	6	B2-A2	B2-A1	2.1696252465	0.9861932939	1.31	0.952	1.373	1.107	2.683	2.059	6	6	0.577	0.39	5.07	5.07	11	5	4	0	TRUE	FALSE
178	14	19	B2-A2	B2-A1	2.5641025641	0.4930966469	1.388	3.556	1.389	1.436	2.777	4.992	6	6	0.561	0.89	5.07	4.056	13	2	0	0	TRUE	TRUE
179	27	35	B2-A2	B2-A1	2.5641025641	0	1.139	3.244	0.889	0.858	2.028	4.102	6	6	0.53	NA	5.07	4.056	13	0	0	0	TRUE	TRUE
180	33	39	B2-A2	B2-A1	2.7613412229	1.3806706114	0.998	1.576	0.718	1.248	1.716	2.824	6	6	0.468	0.421	5.07	5.07	14	7	0	0	TRUE	FALSE
181	2	3	A1-B1	A1-B2	3.6573628489	0.9861932939	1.232	4.118	1.17	1.95	2.402	6.068	6	6	0.499	0.561	5.195	5.07	19	5	0	1	TRUE	FALSE
182	8	7	A1-B1	A1-B2	3.117085525	0.5917159763	2.043	1.607	1.077	1.107	3.12	2.714	6	6	0.344	0.499	5.133	5.07	16	3	0	1	TRUE	FALSE
183	26	24	A1-B1	A1-B2	2.5641025641	1.5779092702	1.279	1.045	0.873	0.749	2.152	1.794	6	6	0.406	0.312	5.07	5.07	13	8	4	0	TRUE	FALSE
184	28	30	A1-B1	A1-B2	2.3594180102	1.5779092702	0.858	1.186	0.951	0.983	1.809	2.169	6	6	0.499	0.436	5.086	5.07	12	8	0	0	TRUE	FALSE
185	37	39	A1-B1	A1-B2	2.5641025641	0.9861932939	1.372	2.481	1.061	1.123	2.433	3.604	6	6	0.515	0.359	5.07	5.07	13	5	0	0	TRUE	FALSE
186	1	9	A2-B2	A2-B1	1.7482517483	0	8.159	1.28	1.014	1.076	9.173	2.356	6	6	0.468	NA	5.148	4.056	9	0	0	0	TRUE	TRUE
187	14	12	A2-B2	A2-B1	2.3166023166	0.9861932939	1.06	6.552	1.514	1.669	2.574	8.221	6	6	0.422	0.983	5.18	5.07	12	5	0	0	TRUE	FALSE
188	18	22	A2-B2	A2-B1	2.7613412229	1.9723865878	1.794	0.796	1.123	1.372	2.917	2.168	6	6	0.686	0.453	5.07	5.07	14	10	0	0	TRUE	FALSE
189	25	27	A2-B2	A2-B1	2.7613412229	0	1.232	1.872	1.077	1.17	2.309	3.042	6	6	0.405	NA	5.07	4.056	14	0	0	0	TRUE	TRUE
190	31	29	A2-B2	A2-B1	1.775147929	0.5917159763	0.952	3.541	0.811	1.077	1.763	4.618	6	6	0.468	0.702	5.07	5.07	9	3	5	0	TRUE	FALSE
191	11	13	B1-A1	B1-A2	3.3530571992	0.4930966469	1.061	0.78	0.546	0.78	1.607	1.56	6	6	0.405	0.312	5.07	4.056	17	2	0	0	TRUE	TRUE
192	15	21	B1-A1	B1-A2	2.3668639053	0	1.186	8.658	1.731	1.186	2.917	9.844	6	6	0.53	NA	5.07	4.056	12	0	0	0	TRUE	TRUE
193	17	23	B1-A1	B1-A2	1.9723865878	1.3806706114	0.936	1.17	1.076	1.233	2.012	2.403	6	6	0.515	0.39	5.07	5.07	10	7	0	0	TRUE	FALSE
194	35	33	B1-A1	B1-A2	2.2892025944	0	1.56	1.779	1.154	1.856	2.714	3.635	6	6	0.296	NA	5.242	4.056	12	0	0	0	TRUE	TRUE
195	36	34	B1-A1	B1-A2	2.1696252465	2.1696252465	1.248	1.404	1.638	0.92	2.886	2.324	6	6	0.39	0.359	5.07	5.07	11	11	4	1	TRUE	FALSE
196	6	4	B2-A2	B2-A1	2.5560361777	0.7889546351	2.293	0.749	1.029	0.92	3.322	1.669	6	6	0.328	0.593	5.086	5.07	13	4	0	0	TRUE	FALSE
197	10	5	B2-A2	B2-A1	2.7613412229	1.3806706114	0.904	1.139	0.718	0.78	1.622	1.919	6	6	0.561	0.39	5.07	5.07	14	7	2	0	TRUE	FALSE
198	19	16	B2-A2	B2-A1	1.7533606078	0	7.863	2.964	0.982	1.622	8.845	4.586	6	6	0.671	NA	5.133	4.056	9	0	0	3	TRUE	TRUE
199	20	38	B2-A2	B2-A1	3.1558185404	0.9861932939	1.653	4.087	1.576	0.889	3.229	4.976	6	6	0.515	0.406	5.07	5.07	16	5	1	0	TRUE	FALSE
200	32	40	B2-A2	B2-A1	1.5779092702	1.5779092702	1.373	1.029	1.185	0.952	2.558	1.981	6	6	0.546	0.437	5.07	5.07	8	8	0	0	TRUE	FALSE
201	2	3	A1-B1	A1-B2	1.9723865878	0	1.934	1.061	1.982	2.137	3.916	3.198	6	6	0.593	NA	5.07	4.056	10	0	0	0	TRUE	TRUE
202	8	7	A1-B1	A1-B2	1.5779092702	0	1.498	5.132	1.466	1.748	2.964	6.88	6	6	0.702	NA	5.07	4.056	8	0	1	0	TRUE	TRUE
203	26	24	A1-B1	A1-B2	2.5641025641	0	0.967	2.277	1.451	1.045	2.418	3.322	6	6	0.499	NA	5.07	4.056	13	0	0	2	TRUE	TRUE
204	28	30	A1-B1	A1-B2	1.7221584386	0	0.905	1.264	1.03	1.107	1.935	2.371	6	6	0.405	NA	5.226	4.056	9	0	2	0	TRUE	TRUE
205	37	39	A1-B1	A1-B2	2.1696252465	0.5917159763	4.259	1.545	0.967	0.92	5.226	2.465	6	6	0.53	0.577	5.07	5.07	11	3	2	0	TRUE	FALSE
206	1	9	A2-B2	A2-B1	2.1696252465	1.1834319527	50.123	2.059	0.687	0.921	50.81	2.98	6	6	0.452	0.375	5.07	5.07	11	6	0	0	TRUE	FALSE
207	14	12	A2-B2	A2-B1	1.775147929	0.2465483235	1.123	3.339	1.467	1.123	2.59	4.462	6	6	0.484	0.608	5.07	4.056	9	1	0	0	TRUE	TRUE
208	18	22	A2-B2	A2-B1	1.3806706114	0.7889546351	1.466	1.216	0.89	1.763	2.356	2.979	6	6	0.702	0.827	5.07	5.07	7	4	2	0	TRUE	FALSE
209	25	27	A2-B2	A2-B1	2.1696252465	0	1.076	5.897	0.827	1.638	1.903	7.535	6	6	0.546	NA	5.07	4.056	11	0	7	0	TRUE	TRUE
210	31	29	A2-B2	A2-B1	2.7613412229	0	1.154	1.42	1.279	1.295	2.433	2.715	6	6	0.483	NA	5.07	4.056	14	0	0	0	TRUE	TRUE
211	11	13	B1-A1	B1-A2	1.7640141121	0	1.95	0.842	1.217	1.435	3.167	2.277	6	6	0.609	NA	5.102	4.056	9	0	1	0	TRUE	TRUE
212	15	21	B1-A1	B1-A2	1.9723865878	0	1.42	1.81	2.199	1.7	3.619	3.51	6	6	0.874	NA	5.07	4.056	10	0	0	0	TRUE	TRUE
213	17	23	B1-A1	B1-A2	1.9661816752	0.5917159763	0.968	1.326	0.702	1.435	1.67	2.761	6	6	0.562	0.515	5.086	5.07	10	3	0	0	TRUE	FALSE
214	35	33	B1-A1	B1-A2	2.7613412229	0	0.982	10	0.749	0.982	1.731	10.982	6	6	0.686	NA	5.07	4.056	14	0	1	0	TRUE	TRUE
215	36	34	B1-A1	B1-A2	2.1696252465	0	1.778	1.7	0.983	1.404	2.761	3.104	6	6	0.546	NA	5.07	4.056	11	0	1	0	TRUE	TRUE
216	6	4	B2-A2	B2-A1	2.1696252465	1.3806706114	1.42	1.809	0.967	1.014	2.387	2.823	6	6	0.717	0.358	5.07	5.07	11	7	0	0	TRUE	FALSE
217	10	5	B2-A2	B2-A1	1.775147929	0.7889546351	1.029	1.311	1.014	0.951	2.043	2.262	6	6	0.468	0.484	5.07	5.07	9	4	3	0	TRUE	FALSE
218	19	16	B2-A2	B2-A1	2.3170496235	0	1.373	13.385	1.17	0.748	2.543	14.133	6	6	0.655	NA	5.179	4.056	12	0	0	0	TRUE	TRUE
219	20	38	B2-A2	B2-A1	1.775147929	0	12.776	5.835	0.843	1.451	13.619	7.286	6	6	0.514	NA	5.07	4.056	9	0	0	1	TRUE	TRUE
220	32	40	B2-A2	B2-A1	2.1696252465	0.9861932939	7.472	1.779	1.186	1.419	8.658	3.198	6	6	0.546	0.577	5.07	5.07	11	5	0	0	TRUE	FALSE
221	10	1	A1-B1	A1-B2	0.4930966469	1.3806706114	3.697	4.383	0.796	1.794	4.493	6.177	6	6	0.375	0.468	4.056	5.07	2	7	0	0	FALSE	FALSE
222	14	8	A1-B1	A1-B2	0	1.3806706114	1.779	1.076	1.31	1.108	3.089	2.184	6	6	NA	0.577	4.056	5.07	0	7	0	0	FALSE	FALSE
223	16	17	A1-B1	A1-B2	1.5779092702	0	0.92	1.326	1.373	1.045	2.293	2.371	6	6	0.39	NA	5.07	4.056	8	0	0	0	TRUE	TRUE
224	23	29	A1-B1	A1-B2	0.2465483235	0	1.778	6.177	1.17	1.638	2.948	7.815	6	6	0.484	NA	4.056	4.056	1	0	0	0	FALSE	TRUE
225	33	40	A1-B1	A1-B2	2.5641025641	0	0.936	0.982	1.014	1.654	1.95	2.636	6	6	0.405	NA	5.07	4.056	13	0	0	0	TRUE	TRUE
226	2	7	A2-B2	A2-B1	2.5641025641	0.4930966469	1.825	2.278	1.591	0.826	3.416	3.104	6	6	0.483	0.718	5.07	4.056	13	2	0	0	TRUE	TRUE
227	18	19	A2-B2	A2-B1	1.9723865878	0	0.952	1.965	1.841	1.545	2.793	3.51	6	6	0.468	NA	5.07	4.056	10	0	0	0	TRUE	TRUE
228	21	31	A2-B2	A2-B1	2.5641025641	0	1.388	1.716	1.779	1.076	3.167	2.792	6	6	0.483	NA	5.07	4.056	13	0	0	0	TRUE	TRUE
229	26	32	A2-B2	A2-B1	2.3668639053	0.2465483235	1.56	1.107	0.811	1.498	2.371	2.605	6	6	0.343	0.483	5.07	4.056	12	1	0	0	TRUE	TRUE
230	36	35	A2-B2	A2-B1	1.3806706114	0	0.749	1.295	1.326	1.17	2.075	2.465	6	6	0.436	NA	5.07	4.056	7	0	0	0	TRUE	TRUE
231	11	15	B1-A1	B1-A2	1.5779092702	0	1.076	2.231	1.295	1.544	2.371	3.775	6	6	0.452	NA	5.07	4.056	8	0	0	0	TRUE	TRUE
232	22	24	B1-A1	B1-A2	1.3806706114	0	3.292	1.326	1.31	1.794	4.602	3.12	6	6	0.515	NA	5.07	4.056	7	0	0	0	TRUE	TRUE
233	28	25	B1-A1	B1-A2	2.8620492272	0.5917159763	0.983	0.827	1.388	0.78	2.371	1.607	6	6	0.499	0.344	5.241	5.07	15	3	1	0	TRUE	FALSE
234	30	27	B1-A1	B1-A2	1.9723865878	0.4930966469	1.138	2.308	1.436	1.061	2.574	3.369	6	6	0.531	0.655	5.07	4.056	10	2	0	0	TRUE	TRUE
235	38	37	B1-A1	B1-A2	1.9723865878	0.9861932939	1.357	1.077	1.248	1.076	2.605	2.153	6	6	0.422	0.858	5.07	5.07	10	5	0	0	TRUE	FALSE
236	5	3	B2-A2	B2-A1	1.9723865878	0	1.17	2.012	1.186	1.358	2.356	3.37	6	6	0.514	NA	5.07	4.056	10	0	0	0	TRUE	TRUE
237	6	4	B2-A2	B2-A1	1.9723865878	0.5917159763	1.014	0.936	1.544	0.905	2.558	1.841	6	6	0.593	0.39	5.07	5.07	10	3	1	0	TRUE	FALSE
238	9	12	B2-A2	B2-A1	2.1696252465	0	0.795	1.326	1.264	1.669	2.059	2.995	6	6	0.483	NA	5.07	4.056	11	0	1	0	TRUE	TRUE
239	13	20	B2-A2	B2-A1	1.9723865878	0.7889546351	0.889	1.482	0.999	1.092	1.888	2.574	6	6	0.514	0.484	5.07	5.07	10	4	0	0	TRUE	FALSE
240	34	39	B2-A2	B2-A1	2.5641025641	0	2.028	3.308	0.998	0.936	3.026	4.244	6	6	0.608	NA	5.07	4.056	13	0	2	0	TRUE	TRUE
241	9	4	A1-B1	A1-B2	1.3806706114	0	1.404	1.201	1.185	0.967	2.589	2.168	6	6	0.499	NA	5.07	4.056	7	0	1	0	TRUE	TRUE
242	19	15	A1-B1	A1-B2	1.5779092702	0	1.669	1.778	1.139	1.108	2.808	2.886	6	6	0.593	NA	5.07	4.056	8	0	2	1	TRUE	TRUE
243	24	21	A1-B1	A1-B2	2.2962112514	0	0.873	1.014	0.656	1.03	1.529	2.044	6	6	0.344	NA	5.226	4.056	12	0	0	0	TRUE	TRUE
244	27	26	A1-B1	A1-B2	1.3806706114	0	1.451	1.061	0.952	0.889	2.403	1.95	6	6	0.437	NA	5.07	4.056	7	0	0	0	TRUE	TRUE
245	38	32	A1-B1	A1-B2	1.3353681801	1.3806706114	1.108	1.248	1.092	0.858	2.2	2.106	6	6	0.39	0.561	5.242	5.07	7	7	2	0	TRUE	FALSE
246	3	2	A2-B2	A2-B1	1.3806706114	2.5565388397	0.749	7.691	1.467	0.889	2.216	8.58	6	6	0.562	2.699	5.07	5.085	7	13	0	0	TRUE	FALSE
247	7	10	A2-B2	A2-B1	0.4930966469	1.3806706114	0.873	2.418	2.028	1.201	2.901	3.619	6	6	0.765	2.823	4.056	5.07	2	7	0	1	FALSE	FALSE
248	18	12	A2-B2	A2-B1	1.5779092702	0	0.733	4.68	0.905	1.014	1.638	5.694	6	6	0.686	NA	5.07	4.056	8	0	0	0	TRUE	TRUE
249	28	16	A2-B2	A2-B1	1.5775981069	0	1.357	0.998	1.03	1.03	2.387	2.028	6	6	0.5	NA	5.071	4.056	8	0	0	0	TRUE	TRUE
250	30	31	A2-B2	A2-B1	1.5779092702	0	1.124	1.841	0.904	1.185	2.028	3.026	6	6	0.671	NA	5.07	4.056	8	0	0	0	TRUE	TRUE
251	1	5	B1-A1	B1-A2	1.775147929	0	4.649	0.827	1.061	1.388	5.71	2.215	6	6	0.437	NA	10.14	4.056	18	0	1	0	TRUE	TRUE
252	34	20	B1-A1	B1-A2	1.5779092702	0	1.528	1.435	1.03	1.108	2.558	2.543	6	6	0.702	NA	5.07	4.056	8	0	0	0	TRUE	TRUE
253	36	25	B1-A1	B1-A2	1.3806706114	0	0.983	1.482	1.513	1.81	2.496	3.292	6	6	0.624	NA	5.07	4.056	7	0	0	0	TRUE	TRUE
254	37	29	B1-A1	B1-A2	2.1696252465	0	2.074	5.273	1.748	1.31	3.822	6.583	6	6	0.5	NA	5.07	4.056	11	0	0	0	TRUE	TRUE
255	40	39	B1-A1	B1-A2	2.1696252465	0	1.591	1.029	1.107	1.794	2.698	2.823	6	6	0.374	NA	5.07	4.056	11	0	0	0	TRUE	TRUE
256	6	8	B2-A2	B2-A1	1.3806706114	1.1834319527	0.686	0.546	0.936	3.276	1.622	3.822	6	6	0.718	0.312	5.07	5.07	7	6	0	0	TRUE	FALSE
257	11	14	B2-A2	B2-A1	2.5641025641	1.1834319527	1.139	5.866	1.7	1.17	2.839	7.036	6	6	0.374	0.905	5.07	5.07	13	6	0	0	TRUE	FALSE
258	13	17	B2-A2	B2-A1	1.775147929	3.1558185404	0.998	1.108	0.998	1.029	1.996	2.137	6	6	0.437	0.546	5.07	5.07	9	16	0	0	TRUE	FALSE
259	22	23	B2-A2	B2-A1	1.9723865878	0	0.67	2.465	1.03	1.809	1.7	4.274	6	6	0.437	NA	5.07	4.056	10	0	1	0	TRUE	TRUE
260	33	35	B2-A2	B2-A1	1.9723865878	0	1.466	5.351	1.357	0.827	2.823	6.178	6	6	0.39	NA	5.07	4.056	10	0	1	0	TRUE	TRUE
261	1	16	A1-B1	A1-B2	1.775147929	0	4.68	1.451	1.155	1.279	5.835	2.73	6	6	0.624	NA	5.07	4.056	9	0	0	0	TRUE	TRUE
262	9	18	A1-B1	A1-B2	1.775147929	0.9861932939	1.108	1.358	1.373	0.92	2.481	2.278	6	6	0.484	0.483	5.07	5.07	9	5	0	0	TRUE	FALSE
263	14	21	A1-B1	A1-B2	1.775147929	1.775147929	1.809	1.076	0.952	0.998	2.761	2.074	6	6	0.483	0.296	5.07	5.07	9	9	1	0	TRUE	FALSE
264	19	27	A1-B1	A1-B2	2.5641025641	0	1.701	0.967	1.591	1.56	3.292	2.527	6	6	0.499	NA	5.07	4.056	13	0	0	0	TRUE	TRUE
265	29	36	A1-B1	A1-B2	2.3378141438	1.1834319527	1.903	1.294	0.843	1.42	2.746	2.714	6	6	0.437	3.182	5.133	5.07	12	6	0	0	TRUE	FALSE
266	4	8	A2-B2	A2-B1	1.1834319527	0	1.076	6.131	1.716	1.139	2.792	7.27	6	6	0.655	NA	5.07	4.056	6	0	0	0	TRUE	TRUE
267	12	20	A2-B2	A2-B1	2.1696252465	2.9579964504	0.967	1.061	0.874	0.858	1.841	1.919	6	6	0.468	0.375	5.07	5.071	11	15	0	0	TRUE	FALSE
268	13	31	A2-B2	A2-B1	1.9723865878	1.775147929	1.513	0.748	1.513	1.28	3.026	2.028	6	6	0.717	0.359	5.07	5.07	10	9	2	0	TRUE	FALSE
269	37	32	A2-B2	A2-B1	2.7613412229	1.775147929	1.217	1.623	0.765	1.747	1.982	3.37	6	6	0.25	0.452	5.07	5.07	14	9	0	0	TRUE	FALSE
270	40	35	A2-B2	A2-B1	2.7613412229	1.3806706114	0.764	1.248	1.092	0.858	1.856	2.106	6	6	0.406	0.374	5.07	5.07	14	7	0	0	TRUE	FALSE
271	10	2	B1-A1	B1-A2	1.7169019458	0	4.228	2.512	1.778	1.638	6.006	4.15	6	6	0.374	NA	5.242	4.056	9	0	0	0	TRUE	TRUE
272	15	24	B1-A1	B1-A2	1.9723865878	0	10.655	1.201	1.092	1.763	11.747	2.964	6	6	0.421	NA	5.07	4.056	10	0	0	0	TRUE	TRUE
273	17	30	B1-A1	B1-A2	1.775147929	0	0.905	6.739	1.435	1.03	2.34	7.769	6	6	0.343	NA	5.07	4.056	9	0	0	0	TRUE	TRUE
274	22	34	B1-A1	B1-A2	1.775147929	0	1.201	1.731	1.295	0.905	2.496	2.636	6	6	0.343	NA	5.07	4.056	9	0	1	0	TRUE	TRUE
275	26	39	B1-A1	B1-A2	1.9723865878	0	1.357	1.076	1.435	2.028	2.792	3.104	6	6	0.327	NA	5.07	4.056	10	0	0	0	TRUE	TRUE
276	3	5	B2-A2	B2-A1	1.1834319527	0.7889546351	1.045	2.262	2.371	1.139	3.416	3.401	6	6	0.655	0.686	5.07	5.07	6	4	0	0	TRUE	FALSE
277	6	11	B2-A2	B2-A1	1.5779092702	0.9861932939	1.123	3.51	1.419	1.201	2.542	4.711	6	6	0.343	0.592	5.07	5.07	8	5	2	0	TRUE	FALSE
278	7	23	B2-A2	B2-A1	1.9723865878	1.1834319527	1.56	1.264	1.763	1.45	3.323	2.714	6	6	0.982	0.328	5.07	5.07	10	6	0	0	TRUE	FALSE
279	28	25	B2-A2	B2-A1	2.1696252465	1.5779092702	1.17	0.655	1.638	0.921	2.808	1.576	6	6	0.546	0.343	5.07	5.07	11	8	1	0	TRUE	FALSE
280	33	38	B2-A2	B2-A1	1.5779092702	0.9859988168	1.076	1.31	1.404	1.046	2.48	2.356	6	6	0.358	0.468	5.07	5.071	8	5	0	1	TRUE	FALSE
281	2	12	A1-B1	A1-B2	1.775147929	0	1.544	17.862	1.669	0.858	3.213	18.72	6	6	0.437	NA	5.07	4.056	9	0	0	1	TRUE	TRUE
282	8	20	A1-B1	A1-B2	1.1725620481	0	1.326	4.883	1.108	1.201	2.434	6.084	6	6	0.734	NA	5.117	4.056	6	0	1	0	TRUE	TRUE
283	13	25	A1-B1	A1-B2	1.775147929	0	1.232	1.482	1.217	2.012	2.449	3.494	6	6	0.452	NA	5.07	4.056	9	0	1	0	TRUE	TRUE
284	15	39	A1-B1	A1-B2	2.1696252465	0	0.795	1.232	1.17	1.451	1.965	2.683	6	6	0.421	NA	5.07	4.056	11	0	0	0	TRUE	TRUE
285	19	40	A1-B1	A1-B2	1.3806706114	0	2.496	0.795	0.92	0.952	3.416	1.747	6	6	0.546	NA	5.07	4.056	7	0	0	0	TRUE	TRUE
286	1	9	A2-B2	A2-B1	1.9723865878	0	4.789	3.182	1.716	1.56	6.505	4.742	6	6	0.468	NA	5.07	4.056	10	0	0	0	TRUE	TRUE
287	11	24	A2-B2	A2-B1	1.775147929	0.5917159763	1.139	3.9	1.591	1.264	2.73	5.164	6	6	0.421	0.39	5.07	5.07	9	3	0	0	TRUE	FALSE
288	23	29	A2-B2	A2-B1	2.5641025641	0	1.716	1.17	1.045	1.435	2.761	2.605	6	6	0.436	NA	5.07	4.056	13	0	0	0	TRUE	TRUE
289	26	30	A2-B2	A2-B1	1.9723865878	1.5775981069	1.061	1.123	1.045	1.155	2.106	2.278	6	6	0.296	0.64	5.07	5.071	10	8	0	0	TRUE	FALSE
290	35	32	A2-B2	A2-B1	1.5779092702	0.9861932939	1.7	1.763	1.451	1.357	3.151	3.12	6	6	0.484	0.327	5.07	5.07	8	5	0	0	TRUE	FALSE
291	7	6	B1-A1	B1-A2	1.9723865878	1.3806706114	1.061	1.264	1.076	1.326	2.137	2.59	6	6	0.343	0.281	5.07	5.07	10	7	0	0	TRUE	FALSE
292	10	14	B1-A1	B1-A2	1.1834319527	0	1.123	1.732	1.31	0.811	2.433	2.543	6	6	0.764	NA	5.07	4.056	6	0	0	0	TRUE	TRUE
293	21	34	B1-A1	B1-A2	2.3668639053	0.4930966469	0.827	1.638	0.702	1.216	1.529	2.854	6	6	0.468	0.421	5.07	4.056	12	2	0	0	TRUE	TRUE
294	28	36	B1-A1	B1-A2	1.3806706114	1.1834319527	2.652	1.342	2.543	1.919	5.195	3.261	6	6	0.374	0.718	5.07	5.07	7	6	0	0	TRUE	FALSE
295	31	37	B1-A1	B1-A2	2.1696252465	0	0.889	1.372	1.045	0.905	1.934	2.277	6	6	0.468	NA	5.07	4.056	11	0	0	0	TRUE	TRUE
296	3	4	B2-A2	B2-A1	0.9861932939	0.7889546351	5.834	1.201	1.326	1.061	7.16	2.262	6	6	0.39	0.39	5.07	5.07	5	4	1	0	TRUE	FALSE
297	16	5	B2-A2	B2-A1	1.9723865878	0.9861932939	1.716	0.983	0.998	1.544	2.714	2.527	6	6	0.562	0.327	5.07	5.07	10	5	2	0	TRUE	FALSE
298	18	17	B2-A2	B2-A1	2.1696252465	0	0.78	13.713	1.326	0.936	2.106	14.649	6	6	0.327	NA	5.07	4.056	11	0	0	0	TRUE	TRUE
299	27	22	B2-A2	B2-A1	1.5779092702	0.9861932939	1.56	2.309	1.435	1.092	2.995	3.401	6	6	0.515	0.546	5.07	5.07	8	5	1	1	TRUE	FALSE
300	38	33	B2-A2	B2-A1	1.5779092702	1.3806706114	0.936	1.903	1.295	0.765	2.231	2.668	6	6	0.421	0.452	5.07	5.07	8	7	0	0	TRUE	FALSE
301	4	9	A1-B1	A1-B2	0.9861932939	0	2.512	2.34	0.92	1.544	3.432	3.884	6	6	0.593	NA	5.07	4.056	5	0	0	0	TRUE	TRUE
302	7	14	A1-B1	A1-B2	1.3806706114	0	1.342	1.17	1.263	1.123	2.605	2.293	6	6	0.406	NA	5.07	4.056	7	0	0	0	TRUE	TRUE
303	23	22	A1-B1	A1-B2	1.9723865878	0	1.061	1.076	1.014	0.952	2.075	2.028	6	6	0.53	NA	5.07	4.056	10	0	0	0	TRUE	TRUE
304	28	24	A1-B1	A1-B2	1.9723865878	0	0.843	1.498	0.733	1.341	1.576	2.839	6	6	0.327	NA	5.07	4.056	10	0	0	0	TRUE	TRUE
305	35	40	A1-B1	A1-B2	1.5779092702	0.9861932939	1.919	1.108	0.795	1.685	2.714	2.793	6	6	0.546	0.546	5.07	5.07	8	5	0	0	TRUE	FALSE
306	1	3	A2-B2	A2-B1	1.5779092702	1.5779092702	7.051	12.246	0.983	1.185	8.034	13.431	6	6	0.343	0.796	5.07	5.07	8	8	0	0	TRUE	FALSE
307	2	10	A2-B2	A2-B1	1.9723865878	1.1834319527	18.673	1.108	2.496	1.279	21.169	2.387	6	6	0.499	0.312	5.07	5.07	10	6	0	0	TRUE	FALSE
308	17	15	A2-B2	A2-B1	1.5779092702	1.5779092702	3.401	1.045	0.889	1.264	4.29	2.309	6	6	0.546	0.312	5.07	5.07	8	8	0	0	TRUE	FALSE
309	21	20	A2-B2	A2-B1	2.7613412229	0.4930966469	1.03	0.702	1.03	1.684	2.06	2.386	6	6	0.281	0.328	5.07	4.056	14	2	0	0	TRUE	TRUE
310	30	36	A2-B2	A2-B1	2.331002331	0	0.905	1.669	0.874	0.842	1.779	2.511	6	6	0.436	NA	5.148	4.056	12	0	0	1	TRUE	TRUE
311	11	6	B1-A1	B1-A2	1.775147929	0	1.591	1.56	1.326	1.732	2.917	3.292	6	6	0.328	NA	5.07	4.056	9	0	0	0	TRUE	TRUE
312	25	12	B1-A1	B1-A2	2.3668639053	0	1.186	0.592	1.186	1.202	2.372	1.794	6	6	0.344	NA	5.07	4.056	12	0	2	0	TRUE	TRUE
313	31	19	B1-A1	B1-A2	1.775147929	0	2.434	6.583	1.419	1.357	3.853	7.94	6	6	0.406	NA	5.07	4.056	9	0	0	0	TRUE	TRUE
314	33	26	B1-A1	B1-A2	1.775147929	0	0.967	1.045	1.685	1.763	2.652	2.808	6	6	0.343	NA	5.07	4.056	9	0	0	0	TRUE	TRUE
315	38	29	B1-A1	B1-A2	3.4548944338	0	0.952	1.653	1.17	1.389	2.122	3.042	6	6	0.405	NA	5.21	4.056	18	0	0	0	TRUE	TRUE
316	5	13	B2-A2	B2-A1	2.1696252465	0.5917159763	1.092	0.671	2.152	1.154	3.244	1.825	6	6	0.374	0.296	5.07	5.07	11	3	0	0	TRUE	FALSE
317	8	27	B2-A2	B2-A1	2.1696252465	0.7889546351	1.904	0.842	1.497	1.108	3.401	1.95	6	6	0.452	0.437	5.07	5.07	11	4	1	0	TRUE	FALSE
318	16	32	B2-A2	B2-A1	2.1696252465	0	1.669	1.467	0.718	1.154	2.387	2.621	6	6	0.39	NA	5.07	4.056	11	0	0	0	TRUE	TRUE
319	18	37	B2-A2	B2-A1	2.3166023166	1.775147929	0.702	0.936	1.217	0.718	1.919	1.654	6	6	0.453	0.312	5.18	5.07	12	9	0	0	TRUE	FALSE
320	34	39	B2-A2	B2-A1	2.1696252465	1.5779092702	1.154	12.933	0.811	0.936	1.965	13.869	6	6	0.374	0.344	5.07	5.07	11	8	0	0	TRUE	FALSE
321	2	27	A1-B1	A1-B2	1.775147929	0	2.636	0.967	0.936	1.436	3.572	2.403	6	6	0.702	NA	5.07	4.056	9	0	0	0	TRUE	TRUE
322	10	31	A1-B1	A1-B2	2.1696252465	0	1.669	0.936	1.108	1.56	2.777	2.496	6	6	0.468	NA	5.07	4.056	11	0	0	0	TRUE	TRUE
323	14	34	A1-B1	A1-B2	2.7613412229	0	0.982	1.529	1.326	1.217	2.308	2.746	6	6	0.296	NA	5.07	4.056	14	0	1	1	TRUE	TRUE
324	19	37	A1-B1	A1-B2	1.775147929	0	1.295	1.202	0.92	1.731	2.215	2.933	6	6	0.546	NA	5.07	4.056	9	0	1	0	TRUE	TRUE
325	33	38	A1-B1	A1-B2	2.5641025641	0.2465483235	1.763	1.217	0.717	1.326	2.48	2.543	6	6	0.359	3.822	5.07	4.056	13	1	0	0	TRUE	TRUE
326	18	3	A2-B2	A2-B1	4.1420118343	1.5779092702	1.045	0.624	1.03	1.154	2.075	1.778	6	6	0.437	0.483	5.07	5.07	21	8	0	0	TRUE	FALSE
327	24	4	A2-B2	A2-B1	1.775147929	1.3806706114	1.575	0.811	1.295	1.123	2.87	1.934	6	6	0.452	0.328	5.07	5.07	9	7	0	0	TRUE	FALSE
328	25	8	A2-B2	A2-B1	2.3668639053	2.5641025641	1.17	1.264	1.451	1.544	2.621	2.808	6	6	0.561	0.609	5.07	5.07	12	13	0	0	TRUE	FALSE
329	36	29	A2-B2	A2-B1	2.1696252465	2.1696252465	0.951	1.108	0.905	0.889	1.856	1.997	6	6	0.343	0.53	5.07	5.07	11	11	1	0	TRUE	FALSE
330	39	30	A2-B2	A2-B1	1.3806706114	0.2465483235	3.432	1.607	1.685	0.873	5.117	2.48	6	6	0.499	0.531	5.07	4.056	7	1	0	0	TRUE	TRUE
331	6	1	B1-A1	B1-A2	3.3530571992	2.5641025641	1.077	0.967	0.967	0.796	2.044	1.763	6	6	0.296	0.421	5.07	5.07	17	13	0	0	TRUE	FALSE
332	7	11	B1-A1	B1-A2	2.1696252465	0.2465483235	0.624	1.404	1.201	1.497	1.825	2.901	6	6	0.327	0.343	5.07	4.056	11	1	0	0	TRUE	TRUE
333	9	16	B1-A1	B1-A2	2.3663971603	0.4930966469	1.155	1.077	2.73	1.294	3.885	2.371	6	6	0.375	3.198	5.071	4.056	12	2	0	0	TRUE	TRUE
334	28	22	B1-A1	B1-A2	1.775147929	0	1.154	0.842	1.545	2.169	2.699	3.011	6	6	0.592	NA	5.07	4.056	9	0	0	1	TRUE	TRUE
335	32	26	B1-A1	B1-A2	2.3668639053	0	1.092	1.092	1.716	1.124	2.808	2.216	6	6	0.483	NA	5.07	4.056	12	0	0	1	TRUE	TRUE
336	5	15	B2-A2	B2-A1	2.5641025641	0	0.967	1.295	0.734	0.889	1.701	2.184	6	6	0.515	NA	5.07	4.056	13	0	0	0	TRUE	TRUE
337	12	21	B2-A2	B2-A1	1.775147929	0	1.373	1.326	0.826	1.482	2.199	2.808	6	6	0.343	NA	5.07	4.056	9	0	0	0	TRUE	TRUE
338	13	23	B2-A2	B2-A1	2.7613412229	0	0.562	1.123	0.998	0.92	1.56	2.043	6	6	0.452	NA	5.07	4.056	14	0	0	0	TRUE	TRUE
339	17	35	B2-A2	B2-A1	1.3806706114	0	1.56	1.185	1.872	1.17	3.432	2.355	6	6	0.592	NA	5.07	4.056	7	0	1	0	TRUE	TRUE
340	20	40	B2-A2	B2-A1	1.1834319527	0	0.999	0.889	0.795	0.78	1.794	1.669	6	6	0.421	NA	5.07	4.056	6	0	0	1	TRUE	TRUE
341	2	27	A1-B1	A1-B2	1.3806706114	0	1.154	1.139	2.059	1.248	3.213	2.387	6	6	0.905	NA	5.07	4.056	7	0	1	0	TRUE	TRUE
342	10	31	A1-B1	A1-B2	1.3639906469	0	3.526	0.764	1.326	1.139	4.852	1.903	6	6	0.702	NA	5.132	4.056	7	0	0	0	TRUE	TRUE
343	14	34	A1-B1	A1-B2	1.9018638266	0	3.806	1.872	1.857	2.558	5.663	4.43	6	6	0.515	NA	5.258	4.056	10	0	0	0	TRUE	TRUE
344	19	37	A1-B1	A1-B2	1.3806706114	0.2465483235	2.418	1.201	1.42	0.858	3.838	2.059	6	6	0.967	0.499	5.07	4.056	7	1	0	0	TRUE	TRUE
345	33	38	A1-B1	A1-B2	1.775147929	0	7.66	0.982	1.139	1.014	8.799	1.996	6	6	0.578	NA	5.07	4.056	9	0	0	0	TRUE	TRUE
346	18	3	A2-B2	A2-B1	1.775147929	0.4930966469	1.155	8.595	1.966	1.467	3.121	10.062	6	6	0.609	1.216	5.07	4.056	9	2	0	0	TRUE	TRUE
347	24	4	A2-B2	A2-B1	1.5779092702	0.9861932939	2.418	1.653	2.324	1.108	4.742	2.761	6	6	0.53	0.561	5.07	5.07	8	5	0	0	TRUE	FALSE
348	25	8	A2-B2	A2-B1	1.5779092702	0	1.622	20.717	1.061	1.217	2.683	21.934	6	6	0.405	NA	5.07	4.056	8	0	0	1	TRUE	TRUE
349	36	29	A2-B2	A2-B1	1.9723865878	0	1.216	1.513	1.576	1.544	2.792	3.057	6	6	0.421	NA	5.07	4.056	10	0	0	0	TRUE	TRUE
350	39	30	A2-B2	A2-B1	2.1696252465	0	1.108	0.998	1.591	1.545	2.699	2.543	6	6	0.374	NA	5.07	4.056	11	0	0	0	TRUE	TRUE
351	6	1	B1-A1	B1-A2	1.5779092702	0	1.029	1.295	2.637	1.373	3.666	2.668	6	6	0.827	NA	5.07	4.056	8	0	0	0	TRUE	TRUE
352	7	11	B1-A1	B1-A2	1.9723865878	0	8.206	2.73	2.745	1.341	10.951	4.071	6	6	0.421	NA	5.07	4.056	10	0	0	0	TRUE	TRUE
353	9	16	B1-A1	B1-A2	1.7640141121	0	1.217	1.435	1.716	0.983	2.933	2.418	6	6	0.39	NA	5.102	4.056	9	0	0	1	TRUE	TRUE
354	28	22	B1-A1	B1-A2	1.3806706114	0.4930966469	0.905	1.123	1.482	1.622	2.387	2.745	6	6	0.639	0.499	5.07	4.056	7	2	0	0	TRUE	TRUE
355	32	26	B1-A1	B1-A2	1.9723865878	0.4930966469	1.123	2.839	1.217	1.436	2.34	4.275	6	6	0.546	0.624	5.07	4.056	10	2	0	0	TRUE	TRUE
356	5	15	B2-A2	B2-A1	1.5779092702	0	2.278	2.449	1.56	1.482	3.838	3.931	6	6	0.748	NA	5.07	4.056	8	0	1	0	TRUE	TRUE
357	12	21	B2-A2	B2-A1	2.1696252465	0	1.295	4.212	1.669	1.295	2.964	5.507	6	6	0.53	NA	5.07	4.056	11	0	1	0	TRUE	TRUE
358	13	23	B2-A2	B2-A1	1.1834319527	0.4930966469	4.321	0.968	1.311	0.858	5.632	1.826	6	6	0.905	0.344	5.07	4.056	6	2	0	1	TRUE	TRUE
359	17	35	B2-A2	B2-A1	1.9723865878	0.9861932939	0.702	0.905	1.373	1.045	2.075	1.95	6	6	0.468	0.561	5.07	5.07	10	5	0	0	TRUE	FALSE
360	20	40	B2-A2	B2-A1	1.9723865878	0	6.724	3.978	2.917	1.279	9.641	5.257	6	6	0.483	NA	5.07	4.056	10	0	0	0	TRUE	TRUE
361	2	12	A1-B1	A1-B2	1.3806706114	0	3.401	1.887	1.372	1.654	4.773	3.541	6	6	0.717	NA	5.07	4.056	7	0	0	0	TRUE	TRUE
362	8	20	A1-B1	A1-B2	1.1834319527	0	2.699	5.507	1.934	1.731	4.633	7.238	6	6	0.499	NA	5.07	4.056	6	0	0	0	TRUE	TRUE
363	13	25	A1-B1	A1-B2	2.1696252465	0	0.733	2.34	1.279	1.388	2.012	3.728	6	6	0.405	NA	5.07	4.056	11	0	0	0	TRUE	TRUE
364	15	39	A1-B1	A1-B2	2.3668639053	0	0.858	1.076	0.998	1.794	1.856	2.87	6	6	0.358	NA	5.07	4.056	12	0	0	0	TRUE	TRUE
365	19	40	A1-B1	A1-B2	1.9723865878	0.7889546351	3.572	1.217	1.045	1.061	4.617	2.278	6	6	0.53	0.453	5.07	5.07	10	4	1	0	TRUE	FALSE
366	1	9	A2-B2	A2-B1	2.5641025641	0.5915992901	1.045	9.875	1.373	2.122	2.418	11.997	6	6	0.405	0.484	5.07	5.071	13	3	0	0	TRUE	FALSE
367	11	24	A2-B2	A2-B1	1.775147929	0.5917159763	1.528	1.918	1.139	1.139	2.667	3.057	6	6	0.452	0.671	5.07	5.07	9	3	0	0	TRUE	FALSE
368	23	29	A2-B2	A2-B1	2.5252525253	1.3806706114	0.983	2.137	1.186	1.248	2.169	3.385	6	6	0.39	0.53	5.148	5.07	13	7	0	0	TRUE	FALSE
369	26	30	A2-B2	A2-B1	1.9723865878	0	0.827	0.998	0.842	1.529	1.669	2.527	6	6	0.421	NA	5.07	4.056	10	0	0	0	TRUE	TRUE
370	35	32	A2-B2	A2-B1	2.3524799059	0.2465483235	1.295	1.139	1.138	1.56	2.433	2.699	6	6	0.343	0.468	5.101	4.056	12	1	0	0	TRUE	TRUE
371	7	6	B1-A1	B1-A2	2.5641025641	0	1.888	0.671	1.326	1.466	3.214	2.137	6	6	0.375	NA	5.07	4.056	13	0	1	0	TRUE	TRUE
372	10	14	B1-A1	B1-A2	1.775147929	0	1.216	4.555	1.155	1.435	2.371	5.99	6	6	0.358	NA	5.07	4.056	9	0	0	0	TRUE	TRUE
373	21	34	B1-A1	B1-A2	2.3099133782	0	1.045	1.31	1.42	1.545	2.465	2.855	6	6	0.374	NA	5.195	4.056	12	0	0	0	TRUE	TRUE
374	28	36	B1-A1	B1-A2	1.9723865878	1.3806706114	1.342	1.576	0.905	1.606	2.247	3.182	6	6	0.405	0.468	5.07	5.07	10	7	0	0	TRUE	FALSE
375	31	37	B1-A1	B1-A2	2.3451240962	0	1.045	1.435	1.732	2.465	2.777	3.9	6	6	0.344	NA	5.117	4.057	12	0	0	0	TRUE	TRUE
376	3	4	B2-A2	B2-A1	2.1696252465	0	1.544	8.97	1.139	1.404	2.683	10.374	6	6	0.452	NA	5.07	4.056	11	0	1	0	TRUE	TRUE
377	16	5	B2-A2	B2-A1	2.3668639053	0.5917159763	5.085	1.42	0.983	1.248	6.068	2.668	6	6	0.593	0.359	5.07	5.07	12	3	0	0	TRUE	FALSE
378	18	17	B2-A2	B2-A1	2.7613412229	0	1.092	7.55	1.154	0.905	2.246	8.455	6	6	0.624	NA	5.07	4.056	14	0	0	1	TRUE	TRUE
379	27	22	B2-A2	B2-A1	2.1696252465	0	1.014	7.035	1.762	1.467	2.776	8.502	6	6	0.343	NA	5.07	4.057	11	0	0	0	TRUE	TRUE
380	38	33	B2-A2	B2-A1	1.9723865878	0.7864726701	0.67	1.217	0.921	1.466	1.591	2.683	6	6	0.327	0.531	5.07	5.086	10	4	0	0	TRUE	FALSE
381	10	1	A1-B1	A1-B2	1.9723865878	1.1834319527	1.108	1.295	1.388	1.248	2.496	2.543	6	6	0.515	0.624	5.07	5.07	10	6	0	0	TRUE	FALSE
382	14	8	A1-B1	A1-B2	1.9723865878	0.2465483235	0.874	0.936	1.528	1.014	2.402	1.95	6	6	0.78	0.468	5.07	4.056	10	1	0	0	TRUE	TRUE
383	16	17	A1-B1	A1-B2	1.5779092702	0	1.186	1.17	0.842	1.139	2.028	2.309	6	6	0.562	NA	5.07	4.056	8	0	0	0	TRUE	TRUE
384	23	29	A1-B1	A1-B2	1.9723865878	1.1834319527	1.731	1.233	1.981	0.936	3.712	2.169	6	6	0.608	2.496	5.07	5.07	10	6	0	0	TRUE	FALSE
385	33	40	A1-B1	A1-B2	2.5641025641	0.2465483235	1.514	2.434	1.294	1.014	2.808	3.448	6	6	0.39	0.405	5.07	4.056	13	1	1	0	TRUE	TRUE
386	2	7	A2-B2	A2-B1	2.5641025641	0	2.309	2.215	2.106	1.544	4.415	3.759	6	6	0.468	NA	5.07	4.056	13	0	0	0	TRUE	TRUE
387	18	19	A2-B2	A2-B1	2.3668639053	0	0.983	1.482	1.263	2.386	2.246	3.868	6	6	0.484	NA	5.07	4.056	12	0	0	0	TRUE	TRUE
388	21	31	A2-B2	A2-B1	2.1696252465	1.9723865878	1.014	1.217	1.326	1.154	2.34	2.371	6	6	0.468	0.468	5.07	5.07	11	10	0	0	TRUE	FALSE
389	26	32	A2-B2	A2-B1	2.7613412229	1.1834319527	1.201	1.233	1.778	1.107	2.979	2.34	6	6	0.359	0.515	5.07	5.07	14	6	0	0	TRUE	FALSE
390	36	35	A2-B2	A2-B1	2.7613412229	2.1696252465	1.092	0.92	1.138	1.529	2.23	2.449	6	6	0.546	0.499	5.07	5.07	14	11	0	0	TRUE	FALSE
391	11	15	B1-A1	B1-A2	2.1696252465	0	1.326	3.993	1.404	1.389	2.73	5.382	6	6	0.406	NA	5.07	4.056	11	0	0	1	TRUE	TRUE
392	22	24	B1-A1	B1-A2	1.9661816752	0	3.791	0.889	1.232	1.092	5.023	1.981	6	6	0.468	NA	5.086	4.056	10	0	0	0	TRUE	TRUE
393	28	25	B1-A1	B1-A2	2.3668639053	0.2465483235	0.936	1.029	0.983	2.028	1.919	3.057	6	6	0.546	0.39	5.07	4.056	12	1	1	1	TRUE	TRUE
394	30	27	B1-A1	B1-A2	2.1696252465	0	2.184	2.013	1.232	1.684	3.416	3.697	6	6	0.515	NA	5.07	4.056	11	0	0	0	TRUE	TRUE
395	38	37	B1-A1	B1-A2	3.3530571992	2.7613412229	1.778	1.264	1.31	0.874	3.088	2.138	6	6	0.343	0.702	5.07	5.07	17	14	0	0	TRUE	FALSE
396	5	3	B2-A2	B2-A1	2.3668639053	0	1.466	1.591	1.045	1.076	2.511	2.667	6	6	0.421	NA	5.07	4.056	12	0	0	0	TRUE	TRUE
397	6	4	B2-A2	B2-A1	2.1696252465	0	1.825	0.858	1.17	1.918	2.995	2.776	6	6	0.546	NA	5.07	4.056	11	0	1	0	TRUE	TRUE
398	9	12	B2-A2	B2-A1	1.9723865878	0.9861932939	1.139	2.605	1.014	1.077	2.153	3.682	6	6	0.514	0.562	5.07	5.07	10	5	0	0	TRUE	FALSE
399	13	20	B2-A2	B2-A1	2.5565388397	0	0.968	1.482	1.357	1.263	2.325	2.745	6	6	0.358	NA	5.085	4.056	13	0	0	0	TRUE	TRUE
400	34	39	B2-A2	B2-A1	2.5641025641	2.1696252465	2.075	1.778	1.217	1.139	3.292	2.917	6	6	0.39	0.39	5.07	5.07	13	11	1	0	TRUE	FALSE
401	11	3	A1-B1	A1-B2	1.3806706114	0	1.357	13.198	1.982	1.092	3.339	14.29	6	6	0.515	NA	5.07	4.056	7	0	0	0	TRUE	TRUE
402	16	9	A1-B1	A1-B2	2.1696252465	0	0.983	5.694	1.092	1.451	2.075	7.145	6	6	0.452	NA	5.07	4.056	11	0	0	0	TRUE	TRUE
403	18	22	A1-B1	A1-B2	1.9723865878	0	0.998	9.61	1.342	1.092	2.34	10.702	6	6	0.546	NA	5.07	4.056	10	0	0	0	TRUE	TRUE
404	21	27	A1-B1	A1-B2	2.5641025641	0	0.905	1.794	1.092	1.778	1.997	3.572	6	6	0.374	NA	5.07	4.056	13	0	0	0	TRUE	TRUE
405	39	31	A1-B1	A1-B2	1.5779092702	1.1834319527	1.092	1.123	0.952	1.248	2.044	2.371	6	6	0.561	0.452	5.07	5.07	8	6	1	0	TRUE	FALSE
406	2	17	A2-B2	A2-B1	1.9193857965	0	6.895	6.489	1.732	0.936	8.627	7.425	6	6	0.546	NA	5.21	4.056	10	0	0	0	TRUE	TRUE
407	6	24	A2-B2	A2-B1	2.1696252465	0	1.217	1.466	1.138	1.217	2.355	2.683	6	6	0.328	NA	5.07	4.056	11	0	0	0	TRUE	TRUE
408	8	33	A2-B2	A2-B1	2.5641025641	0	1.123	2.901	1.061	1.311	2.184	4.212	6	6	0.28	NA	5.07	4.056	13	0	0	0	TRUE	TRUE
409	28	34	A2-B2	A2-B1	2.9585798817	0.2465483235	1.263	1.092	1.077	1.216	2.34	2.308	6	6	0.656	0.515	5.07	4.056	15	1	0	0	TRUE	TRUE
410	37	38	A2-B2	A2-B1	2.1696252465	0	1.311	1.607	1.06	2.075	2.371	3.682	6	6	0.328	NA	5.07	4.056	11	0	0	1	TRUE	TRUE
411	4	7	B1-A1	B1-A2	2.1696252465	0	1.747	5.507	1.623	1.248	3.37	6.755	6	6	0.358	NA	5.07	4.056	11	0	0	0	TRUE	TRUE
412	14	12	B1-A1	B1-A2	1.3806706114	0	3.307	1.17	1.358	0.952	4.665	2.122	6	6	0.515	NA	5.07	4.057	7	0	0	0	TRUE	TRUE
413	23	15	B1-A1	B1-A2	1.5779092702	0	5.085	0.749	1.186	1.061	6.271	1.81	6	6	0.437	NA	5.07	4.056	8	0	0	0	TRUE	TRUE
414	26	29	B1-A1	B1-A2	2.1696252465	0	1.669	2.73	1.607	1.123	3.276	3.853	6	6	0.624	NA	5.07	4.056	11	0	0	0	TRUE	TRUE
415	32	36	B1-A1	B1-A2	1.9723865878	0.5917159763	1.653	1.435	1.763	1.029	3.416	2.464	6	6	0.343	0.468	5.07	5.07	10	3	0	0	TRUE	FALSE
416	1	5	B2-A2	B2-A1	1.9723865878	0	1.42	7.722	1.856	0.905	3.276	8.627	6	6	0.468	NA	5.07	4.056	10	0	0	0	TRUE	TRUE
417	10	20	B2-A2	B2-A1	1.5779092702	0	1.045	1.716	1.545	1.622	2.59	3.338	6	6	0.375	NA	5.07	4.056	8	0	0	0	TRUE	TRUE
418	13	30	B2-A2	B2-A1	2.1696252465	0.2465483235	0.983	1.264	0.842	0.795	1.825	2.059	6	6	0.436	0.64	5.07	4.056	11	1	0	0	TRUE	TRUE
419	19	35	B2-A2	B2-A1	1.5779092702	0.9861932939	1.763	1.341	0.78	1.826	2.543	3.167	6	6	0.468	0.422	5.07	5.07	8	5	0	0	TRUE	FALSE
420	25	40	B2-A2	B2-A1	2.1696252465	0	3.463	1.498	1.124	2.028	4.587	3.526	6	6	0.39	NA	5.07	4.056	11	0	0	0	TRUE	TRUE
421	5	3	A1-B1	A1-B2	1.775147929	0	3.042	15.179	1.763	1.03	4.805	16.209	6	6	0.592	NA	5.07	4.056	9	0	0	0	TRUE	TRUE
422	16	7	A1-B1	A1-B2	2.3668639053	0	1.107	2.73	1.732	1.466	2.839	4.196	6	6	0.359	NA	5.07	4.056	12	0	0	0	TRUE	TRUE
423	21	11	A1-B1	A1-B2	3.0710172745	0.4930966469	1.108	1.248	1.294	1.263	2.402	2.511	6	6	0.39	0.546	5.21	4.056	16	2	0	1	TRUE	TRUE
424	26	14	A1-B1	A1-B2	2.5641025641	0.4930966469	1.045	0.905	1.732	1.076	2.777	1.981	6	6	0.452	0.593	5.07	4.056	13	2	0	0	TRUE	TRUE
425	32	33	A1-B1	A1-B2	1.9723865878	0	0.982	1.107	1.077	1.046	2.059	2.153	6	6	0.374	NA	5.07	4.056	10	0	0	0	TRUE	TRUE
426	2	10	A2-B2	A2-B1	2.2892025944	0	1.201	3.01	1.654	0.983	2.855	3.993	6	6	0.546	NA	5.242	4.056	12	0	0	0	TRUE	TRUE
427	19	13	A2-B2	A2-B1	2.3382696804	0	1.139	8.876	1.809	1.232	2.948	10.108	6	6	0.562	NA	5.132	4.056	12	0	0	0	TRUE	TRUE
428	22	34	A2-B2	A2-B1	1.9723865878	0.2465483235	8.034	1.014	1.716	1.233	9.75	2.247	6	6	0.562	0.593	5.07	4.056	10	1	0	0	TRUE	TRUE
429	24	36	A2-B2	A2-B1	2.3668639053	0	1.545	1.076	1.201	0.905	2.746	1.981	6	6	0.421	NA	5.07	4.056	12	0	0	0	TRUE	TRUE
430	37	40	A2-B2	A2-B1	1.5775981069	0	1.029	4.664	1.389	1.825	2.418	6.489	6	6	0.5	NA	5.071	4.056	8	0	0	1	TRUE	TRUE
431	4	1	B1-A1	B1-A2	1.1834319527	0.4930966469	1.139	0.718	2.044	1.435	3.183	2.153	6	6	0.827	3.182	5.07	4.056	6	2	0	0	TRUE	TRUE
432	6	8	B1-A1	B1-A2	1.9723865878	1.3803983435	3.042	1.248	1.295	1.794	4.337	3.042	6	6	0.405	0.562	5.07	5.071	10	7	0	0	TRUE	FALSE
433	17	20	B1-A1	B1-A2	1.9723865878	0	1.388	5.569	1.436	3.183	2.824	8.752	6	6	0.468	NA	5.07	4.056	10	0	0	0	TRUE	TRUE
434	23	25	B1-A1	B1-A2	2.7613412229	0.4930966469	3.042	5.07	1.685	1.342	4.727	6.412	6	6	0.733	0.562	5.07	4.056	14	2	0	1	TRUE	TRUE
435	28	30	B1-A1	B1-A2	2.3668639053	1.3806706114	1.264	1.201	0.951	1.202	2.215	2.403	6	6	0.499	0.359	5.07	5.07	12	7	0	0	TRUE	FALSE
436	9	15	B2-A2	B2-A1	2.5641025641	0.2465483235	1.685	1.061	1.56	0.982	3.245	2.043	6	6	0.374	0.436	5.07	4.056	13	1	0	0	TRUE	TRUE
437	12	18	B2-A2	B2-A1	1.7482517483	0	1.326	1.95	1.295	0.983	2.621	2.933	6	6	0.655	NA	5.148	4.056	9	0	0	0	TRUE	TRUE
438	35	27	B2-A2	B2-A1	1.1834319527	0	1.248	1.201	2.371	1.092	3.619	2.293	6	6	0.437	NA	5.07	4.056	6	0	0	0	TRUE	TRUE
439	38	29	B2-A2	B2-A1	1.7377872176	0.7889546351	2.277	1.903	1.389	1.232	3.666	3.135	6	6	0.53	0.484	5.179	5.07	9	4	0	1	TRUE	FALSE
440	39	31	B2-A2	B2-A1	1.5779092702	0	2.184	1.295	0.796	1.732	2.98	3.027	6	6	0.422	NA	5.07	4.056	8	0	0	0	TRUE	TRUE
441	13	9	A1-B1	A1-B2	2.5641025641	0	1.014	3.104	1.357	2.652	2.371	5.756	6	6	0.374	NA	5.07	4.056	13	0	0	1	TRUE	TRUE
442	15	14	A1-B1	A1-B2	1.9249278152	0.4930966469	1.435	1.342	1.7	1.107	3.135	2.449	6	6	0.328	0.452	5.195	4.056	10	2	0	0	TRUE	TRUE
443	18	25	A1-B1	A1-B2	1.7221584386	0	7.535	0.89	1.544	1.435	9.079	2.325	6	6	0.593	NA	5.226	4.056	9	0	0	0	TRUE	TRUE
444	24	30	A1-B1	A1-B2	1.3806706114	0	1.732	1.482	0.889	1.154	2.621	2.636	6	6	0.436	NA	5.07	4.056	7	0	0	1	TRUE	TRUE
445	39	36	A1-B1	A1-B2	1.7324350337	0	0.952	3.214	1.029	0.998	1.981	4.212	6	6	0.359	NA	5.195	4.056	9	0	0	0	TRUE	TRUE
446	4	3	A2-B2	A2-B1	2.2757443581	1.1834319527	1.295	1.311	1.185	0.967	2.48	2.278	6	6	0.328	0.437	5.273	5.07	12	6	0	0	TRUE	FALSE
447	17	22	A2-B2	A2-B1	2.9585798817	0.2465483235	1.185	15.46	1.311	4.149	2.496	19.609	6	6	0.39	4.04	5.07	4.056	15	1	0	1	TRUE	TRUE
448	29	27	A2-B2	A2-B1	1.9425019425	0.4930966469	1.794	1.341	1.077	1.077	2.871	2.418	6	6	0.561	0.39	5.148	4.056	10	2	0	0	TRUE	TRUE
449	31	32	A2-B2	A2-B1	2.3668639053	0	0.874	5.132	1.31	1.529	2.184	6.661	6	6	0.546	NA	5.07	4.056	12	0	0	0	TRUE	TRUE
450	37	33	A2-B2	A2-B1	2.7613412229	0	1.263	1.014	1.108	0.967	2.371	1.981	6	6	0.374	NA	5.07	4.056	14	0	0	0	TRUE	TRUE
451	1	6	B1-A1	B1-A2	3.1558185404	0.7889546351	1.81	0.92	2.34	1.279	4.15	2.199	6	6	0.639	0.39	5.07	5.07	16	4	2	0	TRUE	FALSE
452	21	19	B1-A1	B1-A2	2.7613412229	0	1.201	2.262	1.279	1.342	2.48	3.604	6	6	0.328	NA	5.07	4.056	14	0	1	0	TRUE	TRUE
453	23	20	B1-A1	B1-A2	2.3668639053	0.9861932939	0.92	1.124	1.794	1.076	2.714	2.2	6	6	0.359	0.327	5.07	5.07	12	5	0	0	TRUE	FALSE
454	26	34	B1-A1	B1-A2	2.7613412229	0	1.295	1.186	2.855	1.341	4.15	2.527	6	6	0.359	NA	5.07	4.056	14	0	0	0	TRUE	TRUE
455	35	40	B1-A1	B1-A2	1.9723865878	0	0.967	1.154	0.874	1.436	1.841	2.59	6	6	0.312	NA	5.07	4.056	10	0	0	0	TRUE	TRUE
456	7	2	B2-A2	B2-A1	2.1696252465	1.1834319527	1.154	4.695	0.858	1.358	2.012	6.053	6	6	0.296	3.339	5.07	5.07	11	6	0	0	TRUE	FALSE
457	8	5	B2-A2	B2-A1	1.775147929	0	2.215	5.148	0.811	1.685	3.026	6.833	6	6	0.374	NA	5.07	4.056	9	0	0	0	TRUE	TRUE
458	10	11	B2-A2	B2-A1	2.1696252465	0	1.17	5.086	1.622	1.809	2.792	6.895	6	6	0.327	NA	5.07	4.056	11	0	0	0	TRUE	TRUE
459	16	12	B2-A2	B2-A1	0.9861932939	0	1.279	1.029	1.108	1.888	2.387	2.917	6	6	0.546	NA	5.07	4.056	5	0	0	0	TRUE	TRUE
460	28	38	B2-A2	B2-A1	1.5779092702	0	0.998	10.077	1.061	0.765	2.059	10.842	6	6	0.359	NA	5.07	4.057	8	0	0	0	TRUE	TRUE
461	18	5	A1-B1	A1-B2	2.8873917228	1.5779092702	1.077	1.03	0.92	1.482	1.997	2.512	6	6	0.374	0.358	5.195	5.07	15	8	0	0	TRUE	FALSE
462	20	11	A1-B1	A1-B2	1.9723865878	0.5917159763	1.186	0.78	1.217	0.858	2.403	1.638	6	6	0.359	0.343	5.07	5.07	10	3	0	0	TRUE	FALSE
463	23	26	A1-B1	A1-B2	1.9425019425	0	0.952	2.886	0.842	1.388	1.794	4.274	6	6	0.515	NA	5.148	4.056	10	0	0	0	TRUE	TRUE
464	36	29	A1-B1	A1-B2	2.1696252465	0.4930966469	1.123	1.045	0.827	1.014	1.95	2.059	6	6	0.546	0.343	5.07	4.056	11	2	0	0	TRUE	TRUE
465	40	37	A1-B1	A1-B2	1.1834319527	0	1.232	1.279	1.295	1.155	2.527	2.434	6	6	0.405	NA	5.07	4.056	6	0	0	0	TRUE	TRUE
466	6	1	A2-B2	A2-B1	1.775147929	3.1558185404	0.905	1.248	1.185	1.919	2.09	3.167	6	6	0.359	0.375	5.07	5.07	9	16	0	0	TRUE	FALSE
467	21	7	A2-B2	A2-B1	1.9723865878	0	1.279	1.154	1.186	1.467	2.465	2.621	6	6	0.515	NA	5.07	4.056	10	0	0	0	TRUE	TRUE
468	25	17	A2-B2	A2-B1	2.1696252465	1.5779092702	0.67	1.31	1.124	0.967	1.794	2.277	6	6	0.296	0.484	5.07	5.07	11	8	0	0	TRUE	FALSE
469	31	35	A2-B2	A2-B1	1.9723865878	0	0.951	1.732	1.061	1.045	2.012	2.777	6	6	0.312	NA	5.07	4.056	10	0	0	0	TRUE	TRUE
470	33	38	A2-B2	A2-B1	2.5635969237	0	5.46	0.936	1.295	1.404	6.755	2.34	6	6	0.422	NA	5.071	4.056	13	0	0	0	TRUE	TRUE
471	9	8	B1-A1	B1-A2	1.775147929	0	1.107	1.435	1.794	0.936	2.901	2.371	6	6	0.671	NA	5.07	4.056	9	0	0	0	TRUE	TRUE
472	14	10	B1-A1	B1-A2	2.7613412229	0	1.373	1.95	0.951	0.936	2.324	2.886	6	6	0.359	NA	5.07	4.056	14	0	0	0	TRUE	TRUE
473	16	19	B1-A1	B1-A2	1.948558067	0	1.076	10.094	1.404	1.029	2.48	11.123	6	6	0.421	NA	5.132	4.056	10	0	0	0	TRUE	TRUE
474	27	22	B1-A1	B1-A2	2.1696252465	0	1.279	3.073	1.357	0.952	2.636	4.025	6	6	0.359	NA	5.07	4.056	11	0	0	0	TRUE	TRUE
475	34	30	B1-A1	B1-A2	1.9723865878	0	2.137	1.435	1.389	1.279	3.526	2.714	6	6	0.53	NA	5.07	4.056	10	0	0	0	TRUE	TRUE
476	2	4	B2-A2	B2-A1	2.7613412229	1.1834319527	0.998	1.872	1.014	1.107	2.012	2.979	6	6	0.39	0.749	5.07	5.07	14	6	0	0	TRUE	FALSE
477	3	13	B2-A2	B2-A1	1.775147929	0	4.758	1.31	1.294	1.825	6.052	3.135	6	6	0.39	NA	5.07	4.056	9	0	0	0	TRUE	TRUE
478	12	15	B2-A2	B2-A1	2.3668639053	0	0.951	3.292	1.935	1.404	2.886	4.696	6	6	0.359	NA	5.07	4.056	12	0	0	0	TRUE	TRUE
479	32	24	B2-A2	B2-A1	2.5641025641	0.4930966469	1.357	1.295	1.264	1.138	2.621	2.433	6	6	0.452	0.53	5.07	4.056	13	2	0	1	TRUE	TRUE
480	39	28	B2-A2	B2-A1	1.1834319527	0	1.107	5.054	1.264	1.716	2.371	6.77	6	6	0.39	NA	5.07	4.056	6	0	1	0	TRUE	TRUE
481	3	20	A1-B1	A1-B2	2.1696252465	0	1.248	1.872	1.263	1.061	2.511	2.933	6	6	0.515	NA	5.07	4.056	11	0	0	0	TRUE	TRUE
482	4	24	A1-B1	A1-B2	2.5179159403	0	3.837	2.09	1.654	1.841	5.491	3.931	6	6	0.483	NA	5.163	4.056	13	0	0	0	TRUE	TRUE
483	17	32	A1-B1	A1-B2	1.9723865878	0	3.993	1.216	1.248	1.436	5.241	2.652	6	6	0.546	NA	5.07	4.056	10	0	0	0	TRUE	TRUE
484	26	34	A1-B1	A1-B2	2.3598820059	0	0.811	1.155	1.42	0.951	2.231	2.106	6	6	0.327	NA	5.085	4.056	12	0	0	0	TRUE	TRUE
485	36	38	A1-B1	A1-B2	2.1696252465	0	1.388	0.998	0.858	0.983	2.246	1.981	6	6	0.343	NA	5.07	4.056	11	0	0	0	TRUE	TRUE
486	8	2	A2-B2	A2-B1	1.3806706114	0.2465483235	4.54	1.263	1.029	1.623	5.569	2.886	6	6	0.577	0.328	5.07	4.056	7	1	0	0	TRUE	TRUE
487	14	15	A2-B2	A2-B1	2.3099133782	0	0.936	3.463	0.983	1.014	1.919	4.477	6	6	0.296	NA	5.195	4.056	12	0	0	0	TRUE	TRUE
488	19	18	A2-B2	A2-B1	2.5641025641	0	0.858	1.264	1.139	1.373	1.997	2.637	6	6	0.296	NA	5.07	4.056	13	0	0	0	TRUE	TRUE
489	22	28	A2-B2	A2-B1	2.7613412229	0	2.917	0.92	0.998	1.092	3.915	2.012	6	6	0.39	NA	5.07	4.056	14	0	0	0	TRUE	TRUE
490	29	35	A2-B2	A2-B1	2.1696252465	0.2465483235	0.951	1.014	0.905	1.373	1.856	2.387	6	6	0.312	0.343	5.07	4.056	11	1	0	0	TRUE	TRUE
491	6	1	B1-A1	B1-A2	2.1696252465	1.7591868647	1.669	2.059	1.233	0.765	2.902	2.824	6	6	0.468	0.624	5.07	5.116	11	9	0	0	TRUE	FALSE
492	7	9	B1-A1	B1-A2	2.1696252465	0	6.661	2.277	1.545	1.482	8.206	3.759	6	6	0.406	NA	5.07	4.056	11	0	0	0	TRUE	TRUE
493	10	12	B1-A1	B1-A2	2.3668639053	0	0.811	2.621	1.233	1.607	2.044	4.228	6	6	0.405	NA	5.07	4.056	12	0	0	0	TRUE	TRUE
494	16	13	B1-A1	B1-A2	1.775147929	0	0.998	1.17	1.014	1.466	2.012	2.636	6	6	0.421	NA	5.07	4.056	9	0	0	0	TRUE	TRUE
495	40	33	B1-A1	B1-A2	2.1696252465	0	0.811	0.904	1.029	1.17	1.84	2.074	6	6	0.499	NA	5.07	4.056	11	0	0	0	TRUE	TRUE
496	11	5	B2-A2	B2-A1	1.3806706114	0	5.787	7.956	2.138	1.326	7.925	9.282	6	6	0.5	NA	5.07	4.056	7	0	0	0	TRUE	TRUE
497	21	25	B2-A2	B2-A1	2.1696252465	0.2465483235	1.919	0.967	0.983	0.811	2.902	1.778	6	6	0.358	0.39	5.07	4.056	11	1	0	0	TRUE	TRUE
498	23	27	B2-A2	B2-A1	1.3637249172	0	7.005	1.201	1.248	1.123	8.253	2.324	6	6	0.562	NA	5.133	4.056	7	0	0	0	TRUE	TRUE
499	31	30	B2-A2	B2-A1	1.9723865878	0	1.342	4.539	1.7	1.28	3.042	5.819	6	6	0.39	NA	5.07	4.056	10	0	0	0	TRUE	TRUE
500	37	39	B2-A2	B2-A1	2.3668639053	0	1.342	1.217	0.967	0.951	2.309	2.168	6	6	0.406	NA	5.07	4.056	12	0	0	0	TRUE	TRUE
501	3	4	A1-B1	A1-B2	1.1834319527	0	1.342	1.482	2.465	1.887	3.807	3.369	6	6	0.546	NA	5.07	4.056	6	0	0	0	TRUE	TRUE
502	8	23	A1-B1	A1-B2	1.1834319527	0	1.108	0.827	1.607	0.92	2.715	1.747	6	6	0.546	NA	5.07	4.056	6	0	0	0	TRUE	TRUE
503	31	28	A1-B1	A1-B2	1.775147929	0	0.904	0.873	1.716	0.983	2.62	1.856	6	6	0.484	NA	5.07	4.056	9	0	0	1	TRUE	TRUE
504	32	34	A1-B1	A1-B2	1.7172295363	0	1.092	1.887	1.186	1.03	2.278	2.917	6	6	0.374	NA	5.241	4.056	9	0	0	0	TRUE	TRUE
505	33	38	A1-B1	A1-B2	1.9723865878	0	0.983	1.03	0.92	0.92	1.903	1.95	6	6	0.546	NA	5.07	4.056	10	0	0	0	TRUE	TRUE
506	2	1	A2-B2	A2-B1	1.9723865878	2.3668639053	2.168	4.384	1.42	1.123	3.588	5.507	6	6	0.359	0.452	5.07	5.07	10	12	0	1	TRUE	FALSE
507	7	6	A2-B2	A2-B1	1.7482517483	0	0.858	3.682	1.466	1.404	2.324	5.086	6	6	0.64	NA	5.148	4.056	9	0	0	0	TRUE	TRUE
508	21	15	A2-B2	A2-B1	1.775147929	0.2465483235	1.045	0.593	1.154	1.513	2.199	2.106	6	6	0.514	0.452	5.07	4.056	9	1	0	0	TRUE	TRUE
509	26	19	A2-B2	A2-B1	1.775147929	1.7699115044	1.31	0.936	1.264	1.217	2.574	2.153	6	6	0.53	0.359	5.07	5.085	9	9	0	0	TRUE	FALSE
510	27	40	A2-B2	A2-B1	0	0	1.825	1.404	1.295	1.498	3.12	2.902	6	6	NA	NA	4.056	4.057	0	0	0	0	FALSE	TRUE
511	13	12	B1-A1	B1-A2	1.775147929	0	0.952	0.967	0.842	1.077	1.794	2.044	6	6	0.421	NA	5.07	4.056	9	0	1	0	TRUE	TRUE
512	20	18	B1-A1	B1-A2	1.9723865878	0	0.905	1.373	1.42	1.388	2.325	2.761	6	6	0.811	NA	5.07	4.056	10	0	0	1	TRUE	TRUE
513	25	22	B1-A1	B1-A2	1.7172295363	0	1.201	1.482	1.732	1.029	2.933	2.511	6	6	0.67	NA	5.241	4.056	9	0	0	1	TRUE	TRUE
514	35	29	B1-A1	B1-A2	3.0704279409	0	1.107	1.092	1.124	1.685	2.231	2.777	6	6	0.484	NA	5.211	4.056	16	0	0	0	TRUE	TRUE
515	36	30	B1-A1	B1-A2	2.5641025641	0	5.086	1.186	1.216	0.858	6.302	2.044	6	6	0.53	NA	5.07	4.056	13	0	0	0	TRUE	TRUE
516	5	9	B2-A2	B2-A1	1.3806706114	0	1.014	2.153	1.233	1.498	2.247	3.651	6	6	0.561	NA	5.07	4.056	7	0	0	0	TRUE	TRUE
517	10	11	B2-A2	B2-A1	1.7116774439	0	0.905	1.404	1.155	1.638	2.06	3.042	6	6	0.531	NA	5.258	4.056	9	0	0	0	TRUE	TRUE
518	17	14	B2-A2	B2-A1	2.1696252465	0.5917159763	0.889	3.448	1.264	2.168	2.153	5.616	6	6	0.344	0.374	5.07	5.07	11	3	0	0	TRUE	FALSE
519	24	16	B2-A2	B2-A1	2.5641025641	0.9861932939	1.076	0.936	1.716	0.873	2.792	1.809	6	6	0.343	0.577	5.07	5.07	13	5	0	0	TRUE	FALSE
520	39	37	B2-A2	B2-A1	2.7613412229	0	1.264	3.885	1.731	0.92	2.995	4.805	6	6	0.343	NA	5.07	4.056	14	0	0	0	TRUE	TRUE
